6727864009
1311142422
4620905210
5070456359
5854734940
8463949631
4527347347
5360289437
9275970630
1221635561
3125711923
9601381783
1553216261
4159354252
8299995556
7642783761
5228521615
2400742976
5683898349
8186244091
556874701
8986546637
135782574
3612081100
7703076528
8454301426
7248319063
7014592469
6033638798
3545416564
3901732008
7706889530
123165343
89672541
2106386332
9005756548
62882319
1297574984
7043516240
7572566986
5599599214
3397208342
4436308065
2242498442
3229428072
7504402376
513321143
9400514344
7185187128
183721239
8043262691
6680030185
6559966091
6546061011
7360291608
7355637970
5094276321
2977978375
9696199916
8958387497
8616719369
3512516754
2924987716
6561966886
9999895183
8101402785
354499755
608227412
6070416049
3685020952
4489769979
7350709515
4149397657
220154673
7189596074
8462482202
1883222261
3928415142
8040972110
1666946777
7031722833
1819941643
5201678670
5839971679
9863416485
2526861174
1831578861
885979685
2189801413
5477933987
4465648941
8834342062
7733856032
3433136453
7648047874
5163208145
3839100124
4704353395
1724597224
9803270328
