921927868597
352496944367
300100852944
317754767834
87876404204
577675111266
155540676019
992651351785
716059623316
825577392138
765759634173
360873505888
639121645474
547295865565
24399937556
681780889708
237594448147
762168800350
295242301464
473360357235
405243276184
585214830930
484807493704
889136212041
130791645317
590730166515
604658127037
424009909155
692365223878
537943218760
522701136580
281071117668
629072573236
809810048550
31733116359
24768502762
81450908906
241907007188
830672499755
706759040478
7058221918
491826951576
222170783253
635240646245
523667751234
964945341754
440108407563
180092683000
40002950102
179600499075
131531010353
549493330233
889302100334
154447963757
645158142349
59737337561
594965409472
227925033579
924032529262
836069226572
638866722547
712883292755
720654124690
675572528893
77296756552
233236196177
479816355422
294951684792
72103078162
676033218893
919116123726
501668223477
562232658448
340048230232
252566839508
877015137569
342168190331
997742257601
317710926189
721029817419
567641834523
683877966306
595754484688
295262559043
443000073016
939864247956
566924947099
113431484131
153546263065
231580178772
909623804774
628129962446
558062061649
126220956951
849700872684
460062223673
99863239015
722978998835
564084749489
391382776494
