505908209240
908826282441
77672957956
368434035700
76564350834
952277208020
781886241712
474756789033
480658942880
562970480445
627174461050
560686303114
116253622874
975389044316
565190671484
354178057490
361219222515
775022216465
146185573318
138960806909
593234245027
446426867036
789532106713
959151657879
27124891430
136176393902
931692343413
809305430085
884831417657
201727743482
643808994800
488512302442
829467175301
792680664606
182230030811
197066685127
764375512198
323309567572
75030987834
494977395869
800444513730
381411490325
783913423278
485869861580
356969930558
47127980356
140012576940
370260755135
16103730186
55338368424
756326269716
675895502289
21474184475
166486652218
463275811633
112449455490
788594209120
434773901915
445492854517
378768013707
393047202106
893551023010
736525137033
694793749256
412963415663
644966896601
153317745719
283863849966
129962151662
20357652055
612763918995
351257309781
33042208235
571317251799
502377408252
335976516130
829330289501
296839091843
875950021103
648530842890
956443337070
981336745944
868906264965
551026487763
169589715336
639570049498
747529466535
260105670013
755591171255
22133370031
717671569055
223446800703
349904394972
259693753177
289999897982
643272300262
820908766094
801852398024
733274794856
180655168826
