1828575314
5948718395
4415848202
1269836895
4768189350
1310494952
4838636244
8162686461
101989817
935601445
9286178267
3602790669
4544857666
2584682862
8188644536
1097555781
3694820695
549327560
5445683720
4601820386
2085092907
2934758296
2384943525
9149573474
9374280641
1250013426
6072825695
7184426910
4276316787
8131065583
8637628782
6890504188
7661649395
6139787882
4878844786
7599528362
6679041281
6256309245
2419763989
7442311887
2577430705
3930809649
6847403633
5767827943
2422047418
4824999716
4781812053
6828490109
9475574754
4762349094
3717907009
288833795
3303042812
154880954
5545418283
609539614
3076030088
3937640440
2144530037
6631909699
3856138064
2678396169
6896812435
7252258730
1379534684
3802736398
1212478069
5903083820
1719102445
1062143028
4703217569
476038417
917278743
2265047613
5263828061
1869108419
4597217437
660225445
3277259356
3018495877
5059319626
7980444247
1475993005
259918777
6119629374
8218097273
2081069615
1046244195
4334452557
3857038094
468876166
5762559020
9209194216
6231458886
6051009026
3338363986
7395184911
6057282631
5014846895
2821443148
