4211677485
178610325
4453826166
4428516482
7251057514
8901418326
4610238949
7657157795
31628593
127333937
8124613865
7379990091
432972029
9112102196
7510018662
9825337686
6484153353
3095194638
2088441450
8598404537
7389550017
9581609944
8731199066
7906526440
287095608
3997511166
9956243169
3329743509
2119624500
805871164
3069720029
9143852583
8461567999
1348657661
83045386
6609832437
4906270650
8425244246
3451353575
9866483592
9197919879
5955843073
9464282545
1072647605
1504711719
7001029248
9642086354
3907838628
1818207827
6465913222
2911678710
9544760225
5448586521
4483305449
3289299222
8743850774
7373119009
7877358824
5917030928
9887609648
5031965179
6435996267
7813669130
4088564181
5214595508
6081788837
364314978
8078455374
5484406267
6748461806
5613249398
6877638784
2440392911
3656355508
9064625149
6593955176
8170473615
8970221769
3286830559
1779965235
6292373519
798684112
2402641527
40888092
6171766130
1138627630
53995471
4427103484
1961561599
2216523661
1652019357
2760255941
2836941608
5281627252
5690573975
1001609271
3970998070
5638242663
1938548234
7965113040
