1662823581
5757032600
8120394639
9469359441
4542906442
7077422
7115684667
5595811573
5467424036
2528026282
173618646
2818323104
7349526890
6396085036
8299697017
6226559406
6959383334
6552626475
5984055963
6491397693
2044280984
3993014863
4019093148
9731677784
2400871351
5819793694
2234443643
9135593940
3727733334
6611305502
6244988285
810958547
7097297683
5053921804
1790218557
1551603107
888603247
4301296449
3248867656
1512798260
2895691436
142924448
1183233830
4324422201
9489716374
182636473
7478387700
4003722796
3734320867
6448557526
3452610932
804069985
1042285583
8993898635
4762353705
4597932849
6204413130
489521054
603619118
4152041366
1285434075
2010058485
1252901679
314160011
6329355168
6694869911
8120444918
9461683391
2133947708
7100887788
8646840590
9883531409
7780204304
1105685579
853280230
3174003318
7300816390
4144168273
4729984216
7684892133
8628049543
7209222887
2535997907
2455095006
5770669494
8818154736
9463557828
2452223444
3726575433
6066308274
63213013
6503912113
913280775
8542766075
9889989236
5234408996
6997604704
1807577418
5974310215
1853414448
