462749670160
111406689512
979404844317
517027295882
866505002441
935934584212
957652243087
640678048479
951418858817
243007752245
984217071892
86625808804
129092776556
635141670160
125682264576
721186131742
484592761080
970737970271
308357379694
486814776480
29480368332
973255764714
580924929465
981405495716
281699402786
390262931232
819257894907
396680660846
420440915691
217816248228
798245794165
915465992427
217194692143
402087609663
466226443414
493197902159
383567688035
945479372832
313699223353
11989639945
936601450126
644544738464
686639511881
626392382909
167673150024
330456018697
728332062160
596725040827
879221027634
584414530231
280949005911
985460279652
992780540522
282433604243
142138198429
798993265124
183085738092
965606662173
64607326951
423263538899
233719477348
143694687047
132934525574
763280566702
729456085961
701840527697
825986079915
96877069961
217694145759
378116516809
391697377523
742745989827
893760901131
465324510831
897061581782
235066270821
737421740165
88933801814
514110080220
623467767865
41691542731
439316394259
407029031049
150388888624
678039256854
375836506083
806709087692
881470901357
152635013384
358269296344
991209225982
687625601728
131067401823
452974264244
36006417500
545866930904
73733116248
193957647856
929936234546
553855271124
