647411224531
473078001098
175036476472
108431572412
303395644219
177217390311
202453317235
96324202207
904266561707
230926827212
197880243708
700251418088
811292574086
470203456990
196628238005
942571955397
732000193338
538229022347
956988941091
38540847700
739871398926
305524690313
450398091418
46361260566
650056970386
411626289252
787449442652
701954477335
831443280793
405295764566
769257734151
619724618784
298776130485
520524052914
896195329851
539072718018
155033859034
656034208558
798356259463
296715198185
635219240747
46291693758
134243111909
48877525114
577150815869
981345862599
96647455180
68209831096
971872066149
242283182690
704054571645
562749898399
117758495094
550286652281
721864171418
904044874418
261407936060
758482723386
448503506493
234089073774
936602694960
868713156038
129616715312
684245674486
760057415463
537753938226
522803962145
543253616360
258103074735
633353507666
524918107108
493295613600
568653357890
544146313006
850243041085
167425881629
739644276684
432481967991
863955371766
849368214655
439073354456
43246988571
354544788923
909025328422
925402446981
889363103006
976962569188
406322039513
898214606229
999282764671
105809139941
589740172812
568513786777
313062483769
752772064167
419799500797
448139216317
601326723678
724082203928
76069620431
