266567801326
218399143753
214363668067
965254120615
727108796981
321678707038
700304988206
145974821011
752264412685
642399341583
404699671611
254341804581
951415847096
115717196643
709653213186
258935686741
146901642234
665425501589
546254587801
989759255667
200992225314
521402741946
210984206032
164418648352
87565980225
585643867150
572160972292
670278585034
432246506129
165899926324
30472192774
339599595282
508960473361
945961616845
58032876662
96533528261
135199850903
316047449747
568688349485
745779579299
821680158790
821807974478
594677036677
378541788405
421530204809
333273043817
730343188814
536677246674
483116909511
231286275665
568572824633
233251964131
754604952469
926248588528
675249286706
214381987857
979705620287
973706689004
570634178390
477743095417
679859198532
911850128465
875963853556
400674688016
775254614039
684169748446
37423095710
343768399589
626438270477
691618736217
729116021578
940991935529
188186858700
811673948346
54373102498
136126789647
610390193898
101648297274
242523452977
594203140673
861305506527
454036958496
445798921704
148527308184
680543806638
761457132013
526487880435
311220225
143605192473
90438140760
129170995152
807956656494
423358108409
508671424558
508118662424
591587097176
462030540808
827921919931
44326868320
276994307326
