4758483490
3103718890
3997947030
5524969521
7321100686
3530365818
1940879210
6249938884
6715000060
9414915105
1980656873
749277213
8029509659
7274408273
1069096123
6514422395
2162329715
9270534166
4225676768
6397271950
483156431
1000781727
3317442116
8635258050
2048746309
5172459731
1260700608
6330686805
5593045592
1098872095
9016012981
613618472
2335470649
9125536537
2655099533
3689116302
4039459800
2142215501
6251355613
6682054918
3949456321
185803638
2162398826
2902040744
9604179867
4623413193
2574387415
6678225725
8697140197
6598720716
1766254779
3884090590
4675825229
1875801844
8118521484
9732963768
310099207
2719201230
6312297171
9407199137
8585799954
7966510160
1209810242
5946552048
7649186937
920053069
5809821243
1941591168
2290824344
163119465
3190522319
5854512389
7212615063
9032261930
2884265174
6219247937
8517704402
6887758786
5054428370
330134070
1109118170
8368955983
1519767056
3602356346
7955085567
7702662395
9514008248
6425152977
837646980
6524455414
8814517084
774229649
604280003
6222658791
1021497821
4402370283
964882436
3378446913
2406714927
8903098184
