718150900084
165704823406
253571603817
106248417332
465917224410
705659075382
393402717017
903200512439
50041397832
232163716160
70711533490
179193705544
475464865344
358596073874
467418732355
853343941455
708222359473
824310999560
467470446942
898592344259
719205665658
158087932802
780971416804
644667525649
701832058248
210624588086
645057993404
758621016772
298453866257
856591153804
972365673711
289268124283
761314165853
790556914843
64416014433
750607366419
299933910252
69171760357
414626267623
620978083622
417927628520
113808090142
262606246753
905361745131
303088140642
915061791233
459894883979
414183637909
956231506928
435015942076
135833907874
381799951139
611592368460
312689286855
64334018015
151831365517
631594623118
169765647186
886509128158
69986106136
110794218003
20442910096
977245250235
520775095892
357519781803
97325460444
612132868579
647273966298
313959680009
291111351247
347603228534
702745490185
148128757139
915630800622
740801305807
17840985624
753064971514
183746020912
971666003794
343362439343
696151290286
869696120096
82168731053
393713223050
765687339695
485301904946
447921390333
639253692789
21934620700
56098487409
490828052012
764964890297
866712652607
189938890171
209533337423
873229487485
933731263166
165195063290
783103110714
295067263279
