2187637018
838791061
539257088
627631269
1555382629
3712924363
4950256835
5199151260
8438211445
4177421070
2442603680
8198872898
5317953343
4446823041
8166862901
5399127713
6155175152
2809683046
9449730572
7048088628
315046077
5580886376
9236817138
1365650081
4870869674
9742828492
5671022786
2928483043
9767530191
9149604088
9001335834
9892115734
5809616808
1608660262
2459331332
9987766237
926967739
3466372498
8510527862
4294902221
3992541787
2846886253
6049338024
8071895714
7382158382
370319490
1262966418
1433395737
1375201100
4478093878
7498670561
1286181533
470453189
1697838098
1518277622
6475711235
8547948422
3400022880
6027801915
6746436341
3835799091
790673738
4491386832
3228339093
1328226807
8729442133
313215564
8617074239
3408541030
2505757882
5696679024
5190465220
1157064491
6746739600
2410276139
8463284762
1065499803
6618634887
7351380052
8583573476
3528709044
4103913906
1550601
5440138822
4109840889
7177495906
7234479535
5451672108
1844661648
7812693099
4921406384
2024931932
5444325881
2015607565
5199973392
7923832178
3722610775
6909561138
9704097113
6768706189
