803154637308
516628022029
950114204116
86840849446
507415984867
929601352666
143673373574
264246271556
725712349050
59977649199
601643726540
219657020250
833967613196
411139000595
281742658429
488080173957
735584116091
174301235407
937862211669
358392902876
465254034219
651566790321
289368315790
510674240824
428664985816
245386169105
398936484455
131205004430
688262937590
930989599412
569388176650
896595724522
444093516532
473238865130
654028032288
740136095696
895151014198
980077368965
588858395385
251491331348
56279177386
753397300527
796622170014
357538872058
143444139003
8544343304
939101299580
26413803802
816136263983
977147505207
806037210351
381950944641
895638746191
521291917748
975346134179
788059175611
692824346409
224461225839
273297323242
624806992026
2509816329
705187833347
559733531918
384592368373
62693097162
962440671015
160841509539
410054098154
146945395628
912940156734
635795427200
982849868630
867958936549
951508361433
216842814102
113079346915
844966805909
606768080320
362267809725
920150924462
636935780476
370924803284
739520242941
807339851357
557685688793
11978934101
557143748885
859900053977
356192804531
138601313877
8918113546
632277365286
204040138436
606507388834
787047837965
23199390163
801793355302
796839875344
660484785423
572823822102
