204234162002
73605642549
281340646710
59377286562
896303307796
241274685077
845650122186
780161004011
876801152087
746255800445
313673841822
772044233049
418512277365
125167040730
335334425301
332519564159
218220230201
973946068588
447220614206
80472501506
178037878992
357822079782
72770974384
77030881291
117911013105
602410905341
54402733769
368427837913
70414594999
495102204080
454771176969
140705721292
427246723738
721102357363
11844232160
219474767169
497633484112
200273916151
508292216721
446439886659
577376839777
269096322330
364306033957
280625007986
510399964311
292525988948
215673047885
341892212370
441902490067
587286449680
115612938368
781259117576
789662969052
340168685189
501220803875
966331570956
377422677661
103067786460
135052716344
995181484162
528278663524
13142944358
813968956567
427456638845
827046879829
968980386556
906156806812
283630459128
296372659047
65217121018
638286426061
933695787490
331222477429
364052348781
782500273265
463146281061
235394504133
150646192006
213813903628
369522554820
384876784639
647065914976
755413765825
96737743355
675444116891
582932696511
573302762009
707224687279
172744055471
771113454113
902000220157
713880730669
504691519699
23588450528
833463720778
380628197995
239254488936
876459759239
500750794251
861238062752
