186032663684
535823453831
332031486977
444234667280
911624672213
109919214972
775379840288
31994694540
330702130262
256489090030
822327907056
370053737832
529055739128
242458050959
564747212429
410898048873
862561463600
3437437326
844772951294
838920348135
309081011947
470856586425
868676078552
308456128477
669492694581
902647087610
62926443382
729099615619
527365328739
996435046059
530742161172
266565349066
944238734061
302261594951
991993445162
652304970378
383270796613
56273031813
827379009268
712189333989
77365562529
929369118018
795023168396
773614005576
854795074495
161009302499
443900741711
447814397216
640152776774
809789807985
15811348275
320745474042
822720247352
76908615885
70975696355
650026061595
573171520425
540530833797
283722527162
890184820568
18386231832
281238490826
991067181453
244710601328
683327540729
392273805798
303940883405
984201400753
264160168801
8209340322
181951301761
750730516137
694933685005
553198202521
222239265209
54361806123
88636448347
107397273021
587513883290
43478939290
235720300302
513611221005
185001601227
901155994758
510365468033
823600665804
949960630346
840956289349
999902259591
76342997248
419416510282
317107424390
592468938821
788407778988
719001989503
793147756409
668460841958
593949191363
4735547977
249459123309
