205310912441
186474112420
935393981908
817187730668
704117558094
480015641008
836507918518
228404193695
777196977299
994865078523
914892640472
833501717350
427296322179
950246037698
767907397725
744548659398
872598542601
36777203901
764654870082
985306636071
909369513931
667484475199
899028431422
57677563383
502131518117
172492762073
642023205633
893303722568
526314822068
246660696371
474495030042
461182949881
419002799689
116553391979
460407620203
410469851514
578559228613
286071584239
481868263846
108006175333
17368261013
312215732819
776957995222
776713687918
450875041314
577111851384
391780351986
683247056129
604884198579
462613227622
131022443601
445052333246
262755327358
173680819904
846365131442
906193806907
746012674423
477814836839
698627263411
424180201590
744888192633
491156938067
228661822491
425424567213
959915925994
673589894637
281674777103
737797568937
293656331888
35471799280
548865621659
333437876569
664956482942
62613250195
766726220192
143824257643
844084215325
398277903468
441895017718
146681821942
938545164870
855926527624
182012827932
412888622197
171369041976
104431263316
346072421341
206110131687
720771070228
117180933521
525970996540
274120874370
862435564851
333311673035
408407174074
309126518024
229629485753
827019352207
836736024031
767178385312
