973707164832
150690792796
307753099957
626858596959
335544429899
920589824332
675201625421
943976557372
992165882383
946546779236
34846728176
946557883046
700280911189
169695537206
80409102749
588873283983
327599814007
209698679172
357758529072
968504096415
312130107754
982560014595
709374753109
406725546317
40925230168
111954773640
726993726129
775969871211
964697422891
487277437552
801817500600
414857903086
930159606241
328816513371
36567961497
913562180239
362767245931
467256581460
602653812927
739279492748
187890150005
118928681443
315300171484
348639310236
988793640190
224166324600
145648362988
547616032771
706400285552
356751925202
89383374990
968801790385
146740296968
936938777645
187202568981
526647764501
905407480143
668223587761
741803562190
987776048404
668342975408
402198572158
735008181189
97177494067
286459918551
809453539702
989684250282
44905601378
237542448137
655364199947
543762277361
927982716460
385499679107
139665549711
984450580432
765142432510
930178923352
324364814961
378947600508
605383113920
622491781300
681320972325
883162063795
174564309428
620898776916
182673344584
808367757656
50874818945
860208295205
703335349166
189269070278
925359780503
709215032685
923838412327
63242483334
646182438668
258346197348
56043998284
420269250512
906450881073
