6421163360
2412044835
3961096800
6466968697
8505326382
6491627750
165703623
8989530211
8169910142
3779589420
4304593091
5099914888
2480735081
3519697028
6959906471
1785852942
603938432
3476540304
8851772278
2389884001
4391124789
6134074486
7732253444
2408396106
6561353617
5680900247
5480233878
184531350
1890115128
6275269525
1351615453
3021206032
1868353375
7893894129
1871455949
1750895122
8929144872
4161652525
1587064038
6423263314
1437512552
7014504396
7516419149
9483003983
1809668743
3063290591
9131802059
6709276357
9607352093
6900853613
2139358882
5492700077
8518003942
9218898974
6524402605
9393155562
6921657082
9085674613
599998692
6637563624
2918531927
7833969631
6138911287
239839479
6925609782
4123619604
8050897514
3431419943
138122913
3449303805
3733364269
2500986115
2724552128
1864647665
4853827548
666155602
4833535546
1877820111
6677326460
4388951235
6495114986
5312889025
4843819406
8183586108
7789797302
4507104922
1626117886
8589105795
6650210087
4858221270
3499273969
2041538625
1671811522
507897984
9954343851
911328194
9616690480
3563120958
5699265218
1934081002
