6368427955
6928284738
876084886
8925612644
3741266589
3905120024
8564321577
7641804428
5518859742
99091795
6970394552
3751502003
9063793036
326877017
4031180053
5575161223
5500476447
9890567576
2183080455
5443979347
4021276065
4142214847
6601602940
8089192284
1155760581
6989726092
6414586155
3457953925
5337635609
7959156099
8077401163
922499466
2292493039
8662807863
6083463559
260353487
7274544907
7924596122
2464147761
4143733985
623217206
190065331
1440746002
5251734041
6045968096
5936511747
2116708811
2965495371
3634319075
1389081023
8873141634
2538462657
1748857878
6429784736
7144012910
772009955
3747412482
3376364114
2793314860
7631681145
9170068330
2073360858
889809470
7789011110
6453070003
9544644593
40543205
9406541437
847300006
2139050620
5392230502
3213259876
9152963524
7096999959
7146534158
2885263224
7903555167
2414105489
6977007467
4345609615
6287255728
4372649223
3941285898
1977777374
2291955493
2446603258
9076225594
2760982014
8455259761
7962781040
1217441434
8117624002
5186987851
3719537493
5803605731
599055772
6443025828
7509085137
9729585216
2843910634
