146058855086
973950630146
294157857988
809726334715
779771359612
962658901344
427108214437
885929958155
14069957803
721413205433
557483750606
244057180561
778232271153
734813195924
147878974177
750497999311
18771841227
978547035726
949895585061
51696186886
230264575151
166597229178
27747700373
974816928318
232613389339
321929576443
779494212019
522552926650
492244788046
759121983846
534710971101
532080458416
825129908668
819488119869
336564484505
106040294893
455379697004
156202473406
79108893941
897641380884
102243073927
95382070444
73257780579
576226699615
48253936961
856372048615
791729627647
455978260266
445849799013
226217493069
129816998680
765138455471
806636894621
469158746354
511047767993
123634384837
255742294917
725789383196
415979274009
51523498637
623927374845
168551014331
307560807987
281475425906
50777572902
758453006106
279732181271
985470389904
664525287098
703652914111
461100803271
678844096033
806876185973
758436261381
121067555169
954707165764
583364962765
420706657301
777446519451
175784747542
215979036566
154913204211
89963349237
354134351995
680980799180
683249043440
431897270575
357273206809
17573569031
111116080248
661062901334
762969272702
833792011386
639292440364
358131716428
133838608454
637810051614
740134750383
42068624685
363867545965
