359262048808
619185113337
665268079187
613707709146
956366337627
432239753737
824647536068
349878359996
803598277110
124114678470
590954757865
379798511293
167766204073
921333957884
770387382411
87391758937
91442068827
533710807122
978064705510
248156591442
383034655179
507430441994
540194810663
255476187316
63517262339
724849324527
529719988341
520276894661
631838500339
789717152059
567597187149
123339100038
667855715318
381840924667
325568752386
448538354891
159686596839
593995849013
549982442566
691331732417
293836479255
405718678997
421886138047
81822059104
441467901483
37172705905
407182096112
411697718554
878056867678
874795665385
216977728635
711431571443
122174510540
895703100457
802752281534
397376805987
261456404499
965221898554
198539453287
837665832502
428416037921
873107876491
996194325453
436589302845
341293273158
763091230270
513818703167
819253605319
449540392840
332758434733
83533372432
655217435389
929469459799
477701423404
549257429088
161103683781
893837946517
57537776947
512668197995
702226667150
417116532653
107938215260
644593217525
762954778431
203360727680
617306479788
649656200278
796255781890
246968716747
764707303476
104560417441
496815022733
5652702392
983755673414
140065636757
341561499956
822344936518
171335755192
86517738901
507597836982
