64294180411
448534523391
796363506963
876437318806
874224069123
603135537563
285424581549
180796859837
890130651390
116378801119
102610617962
778253856916
580779390749
72019667070
226298734348
344717130361
774225473539
497737057732
796355974403
31210804380
937503454341
691778278713
848095311101
923942866512
717048960153
46751807600
278308024394
412411631127
407958158070
621782966763
548101095247
251204320296
959380047640
665144201614
572426295479
937084015678
868327298436
839925878718
514509636868
361939953449
210229514724
277571364162
588883944864
296733765439
455986153549
772675829314
683011232621
139614491534
570876077786
417845846970
668413002471
904352468355
888860644552
550783033829
270419878890
395042910390
162552898238
845600812988
851683446899
209689860224
501256906289
559537487698
93016304134
281208159349
789431645717
547351831226
139912816721
786291270115
85104808667
994490553993
299391559288
184849610602
342888862061
724986652837
734867472983
846649407630
72975084173
16906188423
249326201314
512570067155
470864205291
698605188462
924869556534
314543631997
845043096187
155327715207
203661661904
198783595908
732112094220
903618230273
8484526765
467880982287
997429699158
368337380703
165934348578
400232584560
663748924927
384524440524
377785509068
466417226737
