2490298770
5422138125
5430734255
2759508653
668674986
9798799002
1612111569
4061910316
8928543882
6171197209
2751242671
2420904133
5761928397
9246556197
2722330896
9877828108
2358484053
107505241
9299746779
6267574125
2263179686
4584877301
1910619877
6504943265
6787739409
1234739045
580368408
4875869860
6947049360
8858813016
3461672991
3967944521
3333526516
3915660887
1034257520
6279307012
3549800507
1180226403
584588792
2215391438
1921447063
3630222007
8797401656
1215100319
6332704847
9254300818
134511596
3775017756
2560072231
673419165
2613543763
1409305769
2778132416
2081077159
8614839494
7205994647
4068324583
2975410946
8986538608
7972823193
4285618683
6113437201
7444663401
9288406509
2634933015
1478288221
4606661664
1103057114
6948710377
6796401727
9414473283
774994244
4855550833
3745762541
3480210903
6163844695
6300364801
7992940269
4974895851
5401895005
9703867062
6993305845
6007288083
1901804502
8693927900
2110577566
8254007940
4293244449
5610781840
3562405869
2719970754
3174910787
7193621015
99460138
8743272500
9809370331
6678695527
8602012423
8525747967
6317697146
