7719647617
427406241
8730589948
7498179697
5039994779
921685088
4769582413
6185016053
7044135020
4840427307
8276393412
2781254815
9746515676
3066967477
7134177203
8152300849
2467031036
4971647712
899209918
6226573239
4185171401
2115537735
6651015602
3473362291
5332331927
5883439501
2185706838
4893580016
835356494
1816138788
5861728873
2802100528
6589676352
6465229078
5776502034
8278834066
921889785
1764156587
6419432695
5306237819
4599185171
5038802079
9763058748
6659346116
9783210579
7956861106
9482194000
6941334357
7689030171
8372213645
6294799344
2941096089
6656355241
9334016829
7232819085
7867265406
667094797
6517521896
2040646580
7889993861
2331186635
9884445467
9879391980
4838379122
3026366916
9206539703
2869796464
9010067577
9602202634
2158314401
7040550156
3162024074
8142698259
7916188604
2432088996
7996697343
1019673021
1425220785
7071903381
5851945747
1917990145
2340032324
6834718048
4034116296
1666362087
4457959843
1124451968
9011773150
6607447818
9839348147
201748615
7229790741
3034499440
9683905711
7832685483
2387984167
2940513930
4055701834
1270495372
8900827228
