752604166366
18703641944
428961509732
767836880372
691325831818
441546359921
333581486229
698688649849
580885302257
261160102370
701409732545
590170268845
901286124339
920014033440
336928710944
149885222198
205534006411
719937948184
866520093328
507219673528
61676747485
738259731635
83319801678
180373994707
595254696546
644217956770
366168704191
460633145249
882387976764
971836207808
54184391061
868313490277
158441092381
58908584
98362373369
512993402912
981950581944
580054362674
414689772701
986717210140
895172799338
337308129553
547565052445
116988900849
894624436122
524744455162
502758434961
266874684358
312905135098
236058720296
136045459475
545265967006
443240039081
481603030765
829078431314
54926877413
652349103726
489309551225
51668511386
537067845488
540378601446
701687410869
999303265837
644689866933
1831544576
73061112145
101435222499
657869295179
987267038724
605197694678
371454366558
205412062057
433915455741
455619518393
620178359308
969481775577
337834730384
965710731790
997917683154
531755450549
290586322539
274437591394
821567427639
584875605797
784199217469
900272756987
853375030826
300685435007
559161140745
833367334045
978656803748
566125279893
505062906464
834137419178
583590232750
575304062837
854000739949
728384458841
968786835411
861547856367
