540773037508
792941855769
886125999937
100655062050
590626247338
719665254776
388968984029
677860324763
583612267359
72604316942
401905702192
442733099583
413540743158
140894784642
728663228739
401236054043
941710976951
591987886797
372244978194
974581521054
89577019062
103539010188
142572210727
870981993286
950063296470
983737991004
438187548989
380611324150
85609613489
521335497373
390679293251
38690647351
735236397548
821968005933
603684305648
792282435472
121836881349
658793469297
210841688724
622358290253
399313504727
55294604467
626100203141
817632174094
603163481801
400784990402
426310202990
842049844214
294218632081
89277973777
473378725894
991150290692
14158320177
919733328548
306686194698
853259344620
394994620929
28134891768
785433840063
737752960639
778583612571
825688012726
570512413096
778678062718
84396595905
679710363524
795989773198
684779767779
869095208945
306950315429
384896025341
630119233155
446305206995
539859933454
336206853323
553142112443
387226248445
694064023546
94437331916
530258171079
796125646666
302499048211
295669631511
230123274049
26467736753
461907908073
739373537413
624885292218
247126066849
555855548028
26123737347
344334284761
159000171145
747432006841
905253247113
546297106722
695513401107
81569026396
156719487041
285006122340
