41073503484
197807049449
190998935726
307974795539
891347091360
838900703715
210812075205
130640585352
754594788562
802706181354
94471450309
895927354064
74778433161
444433137145
250699995236
756678260737
378247936539
489736953158
940576005531
578459970970
786718311275
966360299592
717187793346
845459780443
20923574523
300135514349
955794583402
762085596519
149081301261
432277554002
90662351030
48763688689
856097340002
919191224609
426305104452
560571173594
821773713935
343912438741
785525279104
813492776906
337576467874
238069081878
814813008248
34950810557
75164423347
553652788198
102017642531
476902373699
88151904863
711868174974
630737150188
6028605995
264543539357
925120134769
125920203120
359515558285
406910185217
799924300758
918881035184
675807164336
496800858043
237787323276
530679502801
321188365030
483129189948
368202574310
600353219647
751216491111
467212231119
753000927104
43338901378
282019621284
382925760033
182165515523
359531176301
31396368284
780683354130
500928674599
20401518738
880335780516
643869087370
396648597541
948953505684
799696028334
329043920934
766726749302
744884932684
644910255826
118297156208
538148339268
921473937104
230267465816
266199064768
414354210913
822861017964
903706835156
264642278021
821119183956
378870245007
725058711825
