3990292222
5789978336
3998444402
52385668
6737810374
9809396530
9174381622
1302748596
1081474246
2930428886
5259602613
7957997518
8763126623
9731186347
2106037468
2906696293
7502452648
9941718944
945186033
7830093940
4497643406
1025078594
5323466707
6513611486
6083875335
4357147852
9893719055
9662651151
6571627514
7919379565
4585291644
6047598792
7463901255
5721599897
522175699
7261159890
5727617747
1661218415
7316848626
8947565760
2422535101
6737739734
4523816432
5777728953
3707128717
5140881581
3338844638
2364774533
542383483
5174649304
1013604944
788687175
3525227915
4953910596
4117216811
1943260031
6473520753
1437212758
5796716855
3187756142
8629260922
7992260166
8925197497
7188021789
4519885340
1988174439
5726191525
9813237385
2900709687
4076495693
4954576624
5206714826
7793053412
6211455926
8222678768
8733350959
1029053445
2333118653
308445367
4639199203
9852634491
908337986
4637730459
7664728956
3726630792
9500256334
4229532570
1885900200
5023521619
2416402167
9460465934
5317840503
1222344696
3236147854
8323898318
1448968395
8740027202
3826224361
5688256280
2278998444
