949446011468
216259853331
390611724009
508603033119
715853797198
535076941592
271024002970
46521716834
368368625002
943027229498
266889578511
913272912266
557102744511
404271280636
19465330574
222390528026
651428995619
175468276006
251453219395
827741392328
378662629992
943597687014
949509158448
646990451358
315452987586
725253863731
326919245774
211336842130
306043203214
928952103793
401338753890
142918901468
699861459444
439569223143
937094240607
896734845269
925789351357
542621438701
45619246971
76426787197
101011020309
875998524304
972816687057
807755173260
131515663062
230696050671
891059928917
972418704390
785173410105
174277860664
972198518942
272932520127
111661798743
245236195854
538618945828
87476396095
894502091012
470193385691
429320842380
941426673290
202162864452
26113078341
979890499361
177962537919
410774526681
142206873331
432801665494
974118822631
131802922632
655014921596
783408246271
314973849198
395682556517
668814042074
443513714674
489414457378
766578768150
104223262765
406703917560
899697775131
439129269215
15497461243
289767802814
688444185485
925878498688
311923898237
925398971473
225433300231
613295037453
691056689629
573253365910
429422776611
985729436904
834123080412
771105694959
792100111847
409446719939
686862989135
842662630089
166659297785
