6487275589
1502526113
9891637088
1505275427
5660838439
74752689
6565770549
3336629844
5858806239
2506750179
3262436341
7578027382
6145608731
6875473528
7655452309
5865245665
3816317839
8715958184
2555636654
8194527818
5520215866
2503654421
7808174567
1348389031
3736391936
944323055
7586277286
6773267411
9257621127
2064651001
1810203855
4280440438
3803275539
2237504587
2591631863
5949732257
7746425423
3739753923
720819542
1079542090
2602455479
9756792027
7842914957
5008208810
2358472262
2414922253
3858670053
542475497
2775708910
9356582361
100124469
1857341072
6333252412
8326963050
6345200819
5384083056
7620507165
2111686366
4308018364
7688898705
9619736088
9041810956
3256147465
2348196603
6470537994
6402178792
2678777408
7558311086
4543459615
9645110949
571686628
9710997706
5533355936
6696703395
7757745006
6502727143
3522028682
2345234419
4470476276
8658003300
4698695591
9219120538
2838844590
679593347
2935831577
7633963194
5405417322
6305068006
5792001759
3116829284
8337082063
2263925677
6691943757
498130896
6612515844
8818494735
1071439085
2855006509
4396692254
990546487
