680017813243
937450290513
455637386099
715475551719
360720990902
277535457573
936544664176
598054571704
520692850345
379625145612
140843228892
993289044891
204923956664
312104249377
195065407878
924329491699
780861053148
617410461844
706351276733
949347149101
807364984944
630487964396
127125979453
347431861251
566000069643
764085983010
574272454203
780875236513
871881343469
694112174551
836804506881
320309812105
919999433133
362673776185
671312935851
228390312424
497020112358
615742375433
821738682009
10892876727
387678762412
452590520937
362122642867
517757048071
889268205167
415697121572
449286010696
588686161766
415222261123
301708995913
204691350946
942282251084
769484831545
328432184536
920864307074
279763812527
701532552611
669464521564
617294470132
126303194668
312971285274
994575256210
459865173995
263781969552
856156012941
430843675330
383230716362
895685583545
874507169004
984872222978
277466942237
769924430104
638589795958
265897076708
705390479391
155214109931
74760936345
103263496987
813489602299
8905910077
903590736962
783402136306
860783743926
345943923244
265786971055
580782137880
382198722101
838028477931
828377602215
897317851489
452917705332
931614867364
35629915923
14768287356
521042896265
830481873324
512820831155
633369693863
456874464423
837099428825
