3857940962
1723024777
428879264
2643464673
3553474255
9254228436
1652264991
3946798403
9980212753
6942953284
9970132795
3636341726
3928699933
2398347735
4222233838
3961967756
4052259179
1964122259
3339900854
2606389542
6265528766
3946712029
2053822300
2248306871
5633371712
218886770
8707006746
8303462080
8702972143
5127055325
1230774016
6816911074
2237963569
9433217780
9433799331
8918506489
9844048042
8767934986
9219687368
7749163649
7204918140
5933534509
17227574
7370363098
3600426918
5666098098
7884127595
5469266137
7066546920
4215415514
8585318953
3880587585
4262041177
7804145718
8084342240
5049153653
4802543922
927117288
3722690640
4628182538
3954018103
8191256713
4760523547
6586783070
8506747099
9541691567
5975248314
5251879365
4390288985
446696902
2567404026
883394560
6326089268
872130807
9950568348
7433462819
2177789182
4426913473
3626649140
915518899
2172058904
3519413117
513172306
8396551704
4581107991
6601675435
4241430519
7882491002
2339445983
795090120
7873404813
5403119534
1304842000
7321020312
5508434721
4360214074
2630855763
5684360276
191213437
6655993676
