573737686243
549315410944
820921361447
296189070962
603971148410
560541212893
684989777849
31354527616
629043489453
755491175291
582838787027
7543312890
703145392174
955129884865
225835396112
839856217603
805976850674
720900191732
245727566893
228803082693
537261631908
201734425845
507612576153
565470906974
893457691880
952454341202
42978756187
482324454731
884351113940
915529821327
305061978413
797981237528
554806018607
759600732696
300140540482
562493164262
394731144030
974779955443
443808937841
266793888900
47665561328
106927740158
457147769769
83188418896
101599613067
576221028456
865787344732
926690602127
31554160040
409034555032
388072637073
40750996804
886523057878
142094567026
954798525875
666778615618
211608549076
205025706749
589079875358
37299156258
954150583442
175494696804
504421855449
776253340832
497509997574
448372462145
915888240890
897673409406
520224835134
154724930616
121902058163
995949345991
383753751598
558714535815
2146661226
352002206574
184128970189
351730574179
53765482806
662627510331
312412749882
522556569079
151677821575
481410866141
45973421057
294049833472
29501529714
106739219649
386862232895
715870644388
673246330937
67522846607
651087482705
603805716230
79422252844
636595790046
336702918923
939654963434
280889191300
471952081031
