898331457225
881031666946
179341841327
317543737636
935194025807
499636042917
752599397994
650685731353
765905610960
893698963300
136657294474
54990428250
429450628281
227392415194
63386516522
928153283507
660136920904
447274375791
946326543160
612794420553
481358837554
620754252376
592959940484
541602841599
11862172380
635086832350
489054593575
586091058493
63547680365
865305858443
117272773304
483591606672
952400173455
29914829328
195205841657
166771737627
489570219466
794420447167
434322586839
178948529678
246445903956
660107280584
600430186639
223724504710
335443955237
22696139240
767666666148
955939414086
468298191968
892379440994
388437003676
16029204529
21233049331
58049889626
59924410628
957752928360
49378388959
693074347532
695242976386
156466069097
880404785760
120743400946
763400158873
128606785468
118473237036
324323116043
928818181259
720953676007
270174312828
955762753960
674475667088
205580941205
190807665497
159682124468
144915965907
9501682267
604247205428
832924852435
269332617965
589062455531
888498393855
313542846241
601857125578
949075048628
823509440428
557265124295
203179949065
643548237852
445090241846
372626580126
646087480487
181408935813
945530517206
687504868880
779006707854
847987896691
812899110433
945030004994
595997524101
980412625521
