608909143830
818831772527
795756775461
20188317087
799719298236
785677936711
47837514109
708782071833
396734807164
812052427482
658985200227
78401788680
183504966461
789056822172
222534918693
286241654183
709147970145
519918252572
317221400736
604098925194
334101566725
190752963716
309066199042
575176047522
227408522796
798297675478
576736217610
237601026894
210839204728
471659219234
51298848808
96974955794
953595314324
935720320352
841759982489
246228262036
929710881314
782723488063
707259052434
142780083946
214847778887
58231344330
335673028852
767234277987
269766945245
750271886813
797890916558
380769201454
744490523349
926338176802
673108485458
506346897687
400645623583
223939349122
626039556456
296850786038
274719638347
94860965979
876086042264
878090913108
864224851133
493476607037
722060882507
728973605385
33715144688
494587100060
373365215765
54928119039
849241771828
451960831938
840585642352
108358519412
658763790132
915606080080
641429123708
292849419633
884298743532
581559097506
129604446897
614012138169
245691435538
873660356659
881560074691
196716443698
86472044841
893886558512
688605005065
286660457929
260808988562
360189260980
383566335010
335239240408
656461253400
875101527005
662345421893
707192672638
598417099419
91317642033
950225326363
820746178596
