974325425983
57306196456
561268678779
9958521452
747309982552
235837128159
6867414465
88009076915
660819859732
921915460729
361071605480
929934492870
550158773958
83761309594
270604645207
84574365514
849030086264
177656886839
609385891086
328201811979
689088240147
510881549690
40203207831
736887042897
286123224516
252253327399
188079027830
515698899806
636000831988
869630935058
341243489556
587841828298
470453225007
261383455029
475285342123
705450162166
383465167338
407605335280
790461806
822607005844
434443594018
564698881615
135804638182
405911405647
480405899107
875208945969
836680752195
634688508464
316400157562
910891609443
175200242223
391219867948
179566008708
38736229945
370652566714
612577150352
788991586711
688668896222
623530364707
659546445217
29340778469
181623555151
67712420419
420362996314
14741823347
91055401202
629586465098
365017753170
751410775807
291345526976
631922787918
726119947090
634277984244
126913620301
901556794498
100331561583
684131688904
713966052458
896365280913
554662815006
334711985738
542071194338
93176472595
378357345723
575159513496
427223214715
362502903033
74024398416
661833390549
192697301642
745146015232
466178053641
766397906152
844466749158
477603440570
381639456158
910760390974
511881899237
692120133569
435914981583
