521867185130
267488417283
577002730459
768554661129
864168130896
499422809077
927510467613
865361481934
499713107392
354571940035
80608932010
440409419194
684411715092
557401766791
338867021792
202933513817
451407954847
925084657763
74661122383
321360221402
215073781656
735507211207
722508474708
600822617105
235811133522
974897086850
440736863814
584045087456
645193527115
877072866555
956730216850
282574894318
186661233477
75666160815
110012858346
979630713434
10198618724
176582641674
108026302445
255105773748
49255740297
81964945608
882191908677
661265001414
789077272383
335467996996
891372882208
343632113903
927482194849
179954430064
696359490508
932307010133
428857022444
290433467956
249318431367
795931772993
96329920309
830742139313
815692840610
961285741900
303626151418
920993947185
154970709861
741373752436
778603544112
212888735400
423251104226
748580048522
90777231690
820864114591
131855138140
752365070433
231864238059
573144910802
434918310233
274881983873
447172945316
566603906303
287453784722
747574568752
136025235474
839796883710
311840545739
533618750617
884386378227
553624948253
872302771136
452136059915
105802719955
937568169743
253713370213
940569511045
685904039750
226584008811
346249321597
874176812364
243521021047
484210448893
63846584163
416063182490
