772275375916
953039328538
864158767652
874027086632
463561521865
621016279614
460629572374
406336113150
301493198010
981147842672
395537162454
710793768749
450253024841
696558693244
709036680200
91606496294
18463827241
616190241487
821936410997
803238952627
489964979797
530052411045
909840716530
536474169351
384448364878
111186418841
432075741188
833431738889
662715261293
541109627248
914474815777
565643545483
362939518327
739836922717
310700304338
529549709022
427302429726
986034275094
293660419082
397791628902
802937403340
283972757828
666582568975
696698605817
293017774719
98236759078
305966032728
833959852057
375610653512
32226820411
131700163380
637477675641
119546824146
469616186213
397244071794
794388264108
491904981559
233096103050
983922339854
298868296508
2077049389
601932205508
694206218976
719047946237
649136183247
872159587705
321323055783
745144774405
958069557582
573565521861
431234905479
982417860327
303738295824
871334651957
80166563540
77128351247
703291837559
292165065552
56222856113
218567481592
180463662127
289397495074
326593560405
894588457066
303617626980
659437953375
985264253737
608490551582
394705457210
839977223018
879005419572
578681669178
24699496419
170709790733
31230839340
345459313363
863072821979
960993550565
97946453473
758346118582
