3916140376
4027075664
2810666774
3327126468
2633362340
6569778460
423278807
6569835048
890884669
990632448
9023175804
7716689274
6621661743
4510041052
7255489082
5367778180
453700006
2884300785
1458143001
1926423961
3044022380
4642903853
5150611448
2554881683
5030026820
9229451095
5344406779
2244949259
4873052862
8370228268
914010990
1156191243
5351512499
4094871807
9218028958
528115892
95660767
6779137093
8586456630
7217755584
1118878831
1076767617
921007592
513109112
754670985
3079741232
2642297393
8486391124
5607743328
2127716305
7504658173
9925019517
4777118097
3747665498
1822280461
9733849693
9640396582
7614025493
4301503197
232243229
644582350
3642402294
6228564259
7096326646
7444117918
455046234
7644799069
6954833981
1317389814
9489576973
8925556282
2611958160
2599426210
3733696302
4564571178
5235906063
7231728930
4784730464
3264369899
6321752448
7389767858
317310513
1614483661
2703172242
3218952937
2076551283
4376151598
5981580034
9601440699
8054711909
7358343226
4195039657
4470637483
6933164789
301522514
6909072812
5116124768
8455842581
7361215443
1975379089
