206989243381
334589224207
107961534434
176847180845
8850827483
679446070297
522669546218
278955968913
534508853368
896361292583
188117142745
341666574263
3963895691
501721166508
729392150746
221370084907
552859350099
628353297890
938167060193
460424585656
971762123234
637553344211
409087877705
874114342008
294220566133
573733037485
72728557460
509465600083
298427508932
730568078942
158916826673
226942653617
480474845947
445097564097
290050414887
139379387878
998359371034
784707030805
885936775887
350365952992
16758954328
614056909988
34207569120
378325069023
279459272946
370700018958
951074234497
830032777877
684495464256
948296765971
731916534011
743176047138
353773786178
872973809405
691285470733
56933890252
821508277567
763664739737
167749409283
753319451069
137061418254
787147188668
530312457616
392188792917
232974141820
967660255471
430853646200
796918236219
435475396116
938106868283
194084519892
475469539905
671995926555
192554332683
951311375603
253702271643
610131454093
434572723012
471477577624
391384893295
28652081541
810026496003
461541399338
532705831222
50830111416
295688624658
197674812362
974943477809
469639310408
221370286622
216074008652
679520128144
901406943646
723690966972
305180096012
772617156167
613985652286
383720833411
810466410428
204078914842
