138190986206
34428862778
217767069747
184560883461
385625562826
324907161641
587084263646
338793457010
736796530438
147954673076
365216850206
4314145759
728714907053
55366876317
668654607241
540179650210
756846327921
256120856224
178812564220
391680248755
464214569818
347355606789
33710346191
329850881263
990055057617
257070204199
356790625457
995709599350
678875772180
589423851515
126677411647
465232971566
956529255379
252346440993
421727969566
292437504613
593056533820
881414361344
436235809352
651171616125
548219097882
269503519410
69005319547
458484763410
754805228530
719339869392
503237259583
517736773939
892984641586
691418226299
443813292703
167792945474
52493011553
436432487531
767005628449
788655933206
441597281791
880331563350
604485572824
445397715017
674683342367
764623975953
788075345835
319188294842
880888856955
820989330423
262666080229
587623811996
950971879690
909720071928
846799022080
686094727458
273494337913
90858592213
849853069208
159802305586
78172221282
475981993965
580668472915
583695438242
17094278318
291282710647
340941285267
644321505716
160258114265
724488398521
688316859441
691544712152
568424026765
625951983016
972027797930
308594580895
892392824993
843312948919
163884041160
242286983704
180439218772
722623166316
274689896805
226401021970
