7054138260
3285393017
6247610980
4272648110
3014112239
9467485267
6347222819
8031265250
4125188718
8063135637
7737048445
8195307203
7379883739
3193547014
8547815898
2923237417
7304696356
1397878939
1016722372
7261019281
4347917435
3158742492
9486412279
3680785538
2980402490
7305851250
2479610439
4910681795
2447641275
3330183963
5896467004
9070587755
7217909882
6483088651
3520575309
4210955653
8444244549
5053924884
3817549077
8488463798
6577857786
5178685222
7161762914
6629103144
8967793482
3954615120
8807529586
7388721130
2005582261
1300373746
5130163411
8062340485
9137451250
7716808262
7759392016
804061753
7402281593
3098966688
1181906234
2638227844
8839913992
3567917056
6464325076
5944575689
7450284434
2269025492
7711769706
8819446644
3382570947
6271202658
9817022015
4153287941
1132146820
9550470542
3086922184
1031551168
8522993390
9943629359
6150931142
8534610878
9201010280
4021443863
5615979272
9055825666
7029606009
5539566009
5103558090
3739698034
2708941510
2342794745
4580063959
3837686300
7177937704
1996118765
1446592047
1303124298
8494124664
9886485709
3400903420
9808500968
