510643086
2233334516
2316616070
7050718808
782496527
503109524
1261917799
8066551978
7110404346
2818426657
9316339720
343753820
2440284874
6359477359
7328988952
6401096905
3095992175
7133105651
4407168454
3905785404
9747133684
358624304
663535587
7302885868
3678432172
5670991722
1798956765
204770705
9594722386
2496748456
2448831955
7779653816
9126197143
8588880937
3124406810
6795833820
7927527807
2649624333
9640532788
7259082559
6940831446
4223317471
1184882273
8374263603
4037578937
8217327241
1377882165
6685104784
8711143029
4839845506
4684706794
315010562
9409631786
1040295203
9960836787
7487908609
4521894807
8302673654
1420951511
5397380344
7954545475
5897398420
2057743045
4964090342
2182556178
9527170308
4116299412
7487796665
3375608296
8113122248
530342645
298440230
1117815820
365530089
6183529008
5051449272
975525184
4232117606
1276382325
6889542687
4653443741
4767315372
4774764355
4772467066
8804581330
5528312024
9373061434
2227919338
7216951793
5281226769
1277807951
8905831812
1878492704
7684484653
8152872878
9890580189
916440937
3270949817
3743504534
4123901102
