2093684399
5644385054
6222033729
2401973552
6287856850
164440941
1437386253
2403889569
1441555791
7570593044
6215675562
6428804655
7270353330
7248640954
9859938773
589748656
249654538
6991612558
9495937727
2325116723
3761594788
3746601573
8528416856
8039692535
5205718520
4239841010
8925641982
7028798205
3486838177
1251432264
89820731
8972494133
1772252556
3909395623
6466353276
8884755967
7197800540
8265947700
7606042497
2377485586
5837564642
2636350546
9082271469
9929964009
5161824466
2533108013
2531842427
2337270246
4132250369
6181961561
9456089727
1728967552
2639518640
3550707380
8726901792
4596959055
8558734655
7870004908
9085724622
3324675942
9999893384
6836515555
9538639021
2907764151
4810120540
9841837874
6588564892
8166331478
6616818717
704771648
5111787850
913815546
1700319655
1385276372
2241601255
7650493702
1970429148
5590698556
9877131171
6796658516
5035942793
8606909430
3149038433
3445235997
922840607
3253372320
5444857034
4915208738
4655693945
5986449189
1903886030
7759573267
4776102167
825075331
1015993605
9202871737
6159974133
8131382221
9233127055
4315884447
