185477140717
881700034230
890388948939
580282572570
748201594621
228250280888
814355138173
357011451640
534120632590
962811689395
477010132338
771981385237
907947301348
450797161164
194520042690
73097034352
902937618097
278939626704
267612609467
636768794004
861007340939
474032213114
405308086191
643187424461
671255594795
122293074485
643533147265
189861625597
116543131842
34954645867
673374480209
192248966315
611060842809
353085851279
959745663714
107067842673
454959766161
337508319900
947298061638
910351394129
617039277744
29928802700
488399563366
48864064087
695828630417
290076490277
689045664518
496987383356
667837136121
178773174282
185963747487
570397584255
899234978110
333800438684
893914053744
413153334583
277168012754
130204961934
347651371884
83234324276
246799613351
12914034903
214012700786
83266334485
961045591395
767004559458
720447648086
914643998125
717105745766
544425113204
283393153895
349623935538
456125005712
256784062896
296942103938
621473368549
375060656076
589539894663
499996108376
170903701562
750501156352
404783265633
161127390681
613040101235
84795913908
685430154721
196706160762
624052571310
17540300536
627536197924
979623107885
889767381515
559941672773
106061448476
525185300831
391027859704
168226864485
758518096395
485093214209
533294980087
