588894559124
542834451374
430057477878
821674199107
101245334199
727820182084
994457215055
559513717269
639840116396
939670745165
25292975292
294158066284
154103182750
109540214336
145010229561
39356913574
982872414224
467341552875
650323814338
24638441962
616287372643
112382629589
892322132463
295847664483
377444573999
469124385684
350085385553
104343159569
332281456904
679426295784
184483034814
651386394735
910213293837
485908699912
308644491859
541299361992
883506595155
6894373058
206616159873
962515650485
846953665269
356000763844
646525880935
555523696201
232846894190
6849229182
457677258024
660524745415
1095748106
982418264607
426394679303
157105339859
178665215431
113614083662
537811006861
523872368071
577652529649
373030612030
819219913088
717045132938
508476861188
430715804084
568127994291
837221394964
98874769984
201470310132
640497469380
379401610154
393081725995
969949772482
469453397368
525789481346
678675565687
401472064537
861525279596
553934851750
555821308071
84387431110
34609647603
573019775445
39791547439
333443466927
158267107772
365289471867
979785860885
967372924524
526151508080
497047384775
342934056534
259252327738
610196267954
256655948022
573547946208
702133437751
710057702158
418563590463
719896772206
610924741198
187185642960
954545618810
