479901449
5798171683
8497063737
5673685950
7519255239
5478105258
4587121317
4041923850
8808407201
5002109268
5166282681
1768082667
8901915575
2363040935
4497725023
949815525
1905782783
8747912767
7746611759
6005875295
2683196006
8695313266
6431693198
800991585
6541071465
4119512607
5975855525
3288226091
8405008962
6713968596
233251815
6612763368
8384326866
2963805373
6789273504
7328473095
6262390651
1994159106
9935072172
6066977734
7566309558
5123409798
3678603345
2140686595
8070875015
5187055964
7180398808
3885633105
9599086338
1255293979
4294813122
6478062341
9605779367
5259374612
5844400740
8681685232
8846108363
5446128945
238655435
9688394450
4068704350
1882595950
745841800
3629258861
1429519853
8536488308
5668023501
7821900810
9067634805
2213013237
7605500
9469915736
5330091855
7114173747
4923725043
537589188
6467638498
7982949900
1823794044
3092666840
8317208684
6183429514
3593285741
2641509885
905082587
1367825848
3419013727
8444166666
5612907143
2848959434
1242928180
5560543565
2600711231
2894522931
2330404167
1264236503
2249152096
7590717964
6876375678
7279470685
