553040611264
494141581059
94378460072
724544482481
445488783232
595857314501
308827199093
703135863110
529022476979
521706116345
290971883965
574776017924
840204735429
12243493204
153750972185
59591877386
771927172358
545023934688
973839171303
7495567948
765222682023
245363778266
60888947348
689833649854
376994415979
778282693133
977241181297
969984237686
462447453903
786011703979
179558864719
521874960848
810232011578
746705204166
892959687736
832280963032
923013838495
310258196305
233923278366
351144971790
169877905810
574284405303
958480867543
112615283411
363283247096
41451428910
430438118122
664836679282
904915962689
644625422191
391905107639
230727945781
345531478147
76421679208
399568925244
681316069116
205166482189
42942707496
460467187482
269131772248
910643201301
378410340816
617956798286
95703705332
133753091397
80440520466
706445459603
949984009384
292246263442
955358391002
67449728242
756631085742
884809889440
98191554762
881933974321
671280646001
747621265623
198813877683
64109744977
196330529393
808205279021
306753913428
837596376607
794038514703
404941323027
502625529382
8925260935
435097961955
739345472968
386006665896
277968313391
562553277499
213414927681
426127614167
905981548714
977052009288
185490277252
675873286123
828856076423
518843004067
