2057003071
5480492986
9517049962
9398234991
8921480516
2479283932
2965200111
2119695556
9365250668
7453802641
3681478769
1533158077
3286533163
6013853998
9187077741
443788736
8070921178
8134742068
9889129739
445282452
3407597703
518743699
1471106842
4255992105
2322925655
6550947071
1526929341
6345721595
424107236
1755975442
8364529803
7510884275
4024994998
4055738747
8262870250
9315117196
2338203400
9327601702
3404965023
7679431987
9641858657
1739456548
4903111438
3770257021
1227923901
2817481363
7417257325
3236994515
7389139390
1738909290
8740337376
7171907859
9077193563
4438781499
737623463
58091419
5133546492
3738391825
8913808854
3880337621
8340619652
3756293345
3620465874
5044549554
5150861519
3255646711
8539467743
1124085269
2675968728
7311140551
3428066632
9706354897
8757925710
8162576515
7110937417
6489129269
3031528968
5585025809
2854920156
9015896494
2546786486
3641539086
5761998459
284244875
2354680497
4922570541
996054043
7277886372
6191268049
4272280367
6442843489
6707519417
1054167280
7724904232
6853907769
5371380361
9487436892
1741419659
6593735167
6873811822
