315070790157
939261828675
904039183413
450989638658
899165559226
231238463056
198901247809
678471398501
45786789141
705698131227
923758138186
634790350153
464683773053
393824346367
914068696872
267393343380
657570453732
337614388948
335461427415
824681119594
308687228533
798194620365
826504635559
846255182624
836723758180
604687513704
478826159098
625115689039
556094027426
324698398425
93752269377
72695466640
979307510766
322751698842
155950297295
932594731977
274927870483
951417568402
416639962380
729178125966
793421685771
580386520889
82902174994
324993721591
378421190990
649804059266
456809079593
220733947690
483752122451
619003789150
653914249869
831238399275
968429841651
81067240646
852868094995
345697743016
490075058083
234084784260
724792185945
53586801922
293651905068
361586732716
145010260919
651217682846
557945722304
861712015266
473183065728
737958866806
237371298557
429651373066
291948715906
90758736509
304299059920
85267679827
750444259265
802222033993
2224191953
319536401305
486016760
405240879537
130704831289
715635686354
942512896468
421243613772
532422093992
437812692988
974563864167
486714375623
853253362485
309098863679
275149263772
803833257398
636956200569
393888948942
195444338858
625090464320
676280226853
560319841106
221480035919
275297316461
