449004645765
203517779347
131619497608
177145865467
634212855953
888479212807
442635985297
829753686976
881272964613
762939666287
40147454991
40968674760
862818648184
431546908676
638093156557
762450490220
136754271720
870662078620
805790118766
482152549383
244719637007
909586071382
342942233061
221419981389
54184576346
1134352603
820603808592
918246483298
588926284122
401285368086
875291822001
222173250303
41950016852
506108689153
555880773901
68026747892
892435009199
905147276442
73552275479
747289723841
636595929929
198381770638
217537381392
634313340575
303890983241
442561958099
82572244754
309644859171
325706565308
948553896575
251421396943
880976569128
307669000785
765669758912
623245405837
875539624995
583930485951
557293103547
647921422622
446000922693
28460142858
305402993448
621118950861
358282141080
651228604729
126011406786
16615048921
286706345973
358295497033
291131206786
253008733574
184853035396
79317052781
935254769505
820781754084
397258683075
842929599647
670978963397
140245738785
80668260933
121556407179
657345832488
310378572713
799716477981
922446898152
581452515329
347087059701
245806889012
841007670689
604888548838
798305015722
768440487488
684871601286
686176460882
434237111506
10501758257
415046241491
562307616787
69713247270
358313492614
