1176853170
1201678815
8461460017
2042706325
3915253748
1526239461
9382954991
7128351453
4586589841
109092344
7319501534
4585914090
1466050720
9271010299
4605635218
3192793849
9274403504
3695235029
1224887437
4051535263
8318629769
9965012474
5077032985
1092711923
8175034060
2570957666
9259035577
2027612670
9777566319
7759406245
2369859055
7943465284
2843096431
8953213873
5171239782
3750655285
8074305747
1304143181
1524954163
3314512503
9994505438
5486448426
7068169230
1643447539
7964365330
6889509901
6682948906
7505223889
7322688085
2286478454
8655764389
609373336
6864143266
5278512518
8916438404
3757206937
5450941052
340438318
148280080
4997670868
9060296977
3643848926
954566053
6332788530
5079062499
7910559512
7245034391
7095061705
5438807990
9030716059
3694593712
2377865807
8607767017
3626527383
794648465
6326728464
8865733208
1347205340
8246028374
7623906858
3471473390
1230799299
9513047362
2183708171
8595515076
8244508228
6533209619
9337031612
8882341515
5927383336
5320903244
251092233
6777838282
1709155334
9317410495
23654396
9570404179
7739075903
4637532399
1957026740
