6478236122
6098024533
8142469143
9151904170
4562934239
2158834775
5396519038
2762244186
9251460251
443066249
1414947490
464426944
9543585028
1678117819
6608403782
9679614350
6191468216
3434680338
4844814584
5100819041
7906375209
481689071
40935797
5155277988
4901692135
2129046155
3832046588
5886951650
4002158619
1349827497
3060278082
1492510288
5727214708
6683994948
1304780652
6106808953
5179673811
2815276979
9809646188
4635841166
7947161344
6968357276
6255320209
9285148629
9056824479
7108594061
3488442869
9712909488
8797864850
5655873020
2200724475
365558028
4490355522
5628143852
4339989946
9136694355
169754052
7617902235
8380974614
428415700
2682255229
8741387886
7014892963
8577798733
4196178718
7284531590
5956865229
264015153
2934471669
8455414753
9200140040
7988893478
9772153700
7010506254
3778229876
3213870981
4141262030
670895201
8197936697
9673533005
7303425260
937778547
3279227566
2484631514
8742651194
9600679940
1210621244
1863816940
1634987926
9288703262
6071689037
6998959766
7807941092
5972086730
2345105693
5116009492
8042590645
9830532652
4160231262
7969586956
