306520743538
607601375514
684136509337
877325520614
492300005717
498475815997
801081681093
565229811869
837256151500
540390075759
661507694615
87190103001
660473083048
280239938817
866418703661
700831784167
157947502578
474286120482
727357291719
424328526352
620121550477
326062169854
886196060550
573808029428
968707607989
751955961472
201654850481
865637239624
729417707520
145485913357
579258452449
858214641916
176188082626
457780067572
615070531382
196805403473
375100172512
464512223754
258652222815
352682799180
9325095215
491487729814
29965451586
13199972592
659719126338
610651872369
452290413020
350393837818
438052464757
943641862224
266106174190
966698345726
210002019503
918829752881
301471585568
321591278035
372173226461
555401842393
514652126907
85393395356
908631437460
794804280357
946794228962
448312569633
478343001210
947809975094
421228638713
58305109651
568918415891
759914654279
414498867483
683036908148
128407124977
362765197580
69411175517
257977106967
507023140075
367506545190
550196044585
96837426807
991168838679
725911793654
674397002217
252231852061
402437819836
814544800847
571931574185
846538525781
760919058201
812372028189
268140335870
278879428509
828595116706
484895142974
619759407466
747147718795
523889884245
735014514525
958317674574
517537961898
