8021211211
7983888676
8158864839
6898840862
5060222481
1549061955
4377647951
1028099293
3836049418
1532829158
9602863997
2343756610
8129125725
3776459012
8948811400
7185520272
1865929399
5888331362
8200566893
7921805249
5098233483
6127074077
6891124284
6477283651
7289457344
6533491156
1785137691
7113488643
1781164082
8250731084
7814884905
4668054030
6894279942
9089220330
1517615698
415733988
1567187362
348467645
2355823363
1409547668
3602433981
9756466437
2345290502
9634644293
1422011557
5657271573
4106589473
8576673791
9744039816
1622876487
4853217944
9452815478
4010315296
1980954800
7004654002
7343696198
3304493236
8598454710
4147468021
737268457
6036197033
8874886062
2725263844
4723113818
6824219594
797109037
3907541406
7120438889
2620192511
6043988552
4089568968
1575750100
6248534242
7560031519
5791687833
8247174676
4856856350
8091376690
1662188379
3779793513
9211056483
6174942421
7986370634
4475131340
7576367598
3967483302
1519155095
5433947463
5619725451
1606138184
9117458053
5629281296
2120313145
5845254995
5150066479
3393295260
1445131947
2776371105
4562251241
5823725666
