3103460383
596239789
27497847
6905280916
8753347793
7508291697
3445540259
406685055
9861754566
2123318567
2023754750
9343163068
4793229690
9432747721
3576967729
3479571948
7145434144
4268796327
6124175912
3589449576
7885056653
1923750394
5029810057
2406450316
605056128
6482004231
3110553578
4062972127
902993942
3472359921
9492510493
9489784631
2586893946
86592569
6298620949
3683318251
5415381752
2219194627
8736752127
8604272898
3710458396
2676636070
9717427089
894910039
208476152
4801471570
4486461077
7498223668
8342170543
1762538162
6122186854
9860282341
5733118048
5525105174
7739368834
1481243269
1464947918
9496646318
70269298
7977628060
102667762
2504849311
2599264052
7719514779
2635780416
9885099470
3914289879
2190997584
1399723835
7874822450
1280916163
4900974352
2342557671
6557457578
2582673302
111443253
7269270626
1333056409
8652822058
8719365946
8687682694
8468285296
5114848982
1608011761
8680987700
7952875755
5795137834
7489385074
8648592838
3793148875
8711705873
2115375637
8767138262
4690172969
5752595437
7727849186
5515523518
5632204501
1980333124
9204443475
