981636222650
479729816344
65312456970
6307552876
596265878698
971503970043
419498668422
116053106805
566894189814
742132637230
987024017623
572537488887
204206134494
350972425288
834050352473
156188093637
579835296213
275918106519
916056896279
119589009142
276686103455
234128646078
244865921948
818335613790
141870050714
335520514400
38357848018
772458337413
120272207693
300551439357
661067457664
12733907157
836214945691
40545973480
924901158266
794209162932
286939676335
984062387714
89236734279
944983813695
295164078436
600885892043
73255855638
739261160191
635039491061
769324827054
911693742218
70838826084
897041519428
860621327544
266838852610
58401094723
488760268542
938708198107
112840422351
621558250374
270655975407
764323095503
48208007605
513532112071
990879209206
946737173490
183484830109
730277407072
766583836616
774733190650
996709450026
75181167885
252076743418
730184487605
73190976405
506177238989
538377017833
745951852986
681031812060
679749576106
668220245184
904874801373
757057374776
573574421933
159108165419
877835076391
177926691828
608865186055
345089067605
668641289662
881361798826
253185634424
578231424523
142135889814
502978098849
715673809307
328161990469
350810607299
491891355469
621510978000
179911962854
550292052034
919156722204
844882873300
