903093906674
250591039948
484885449150
307336517604
58904903320
833908062503
195038451480
275331282882
713243852098
640160937118
820080997259
23597457142
200526953495
86680120938
898578488694
522225242572
779481801790
787221474556
707302912482
208126314771
69320393056
837025499618
802476286495
348333366841
305403657139
332588943243
640797894121
940182136777
575688537036
153763585396
736547176749
807454769516
283277168679
153968577156
246224090640
995517161919
324454744433
374587633130
916075940705
222563838221
131402495466
390954668579
862177287266
114863560006
382228196434
269442828783
154041276867
745019874803
609674741251
331944357960
701948187932
317877125515
266755386494
585589048886
602236674535
530379262279
85006887077
494915181562
552103441169
767950756747
264521645870
179234201767
305095688435
271391780445
109477831618
801525435614
928398282299
296104571600
406392956751
283645587269
748317836458
104166102367
386112588396
82925672639
462329375083
527822417402
183793761502
918899680334
310759627804
597128769538
960008426385
387986936569
368943151078
96325897618
261270777866
50159058439
882454791953
743010339087
329812956197
211650192428
253708500027
779850407206
557186822436
850564334058
511785992148
637550485858
770887028763
128166387319
825620122374
968739021835
