4983228324
3724553234
6045959936
5687147061
6703598446
1459605729
4678690450
3898517263
8619539288
3294081010
9135584124
2496716017
8187027219
5164508770
4471636426
5255393837
493860660
8286573796
8390478695
7272911665
2516840724
1268260598
3839819413
65061148
2788312680
4170666943
7265355666
6630040160
2378517109
3915287518
9238808861
7083659651
536933533
905336091
7897054479
6244549482
4379279203
8069127999
7228763231
876809642
3715700842
2811786791
3611679500
6930838885
8190939373
8297205278
1292328469
1393105041
3378689400
7616799794
1265467670
1900264564
8517884980
1237889403
7102605248
1337637580
8517284289
3550446510
9556822536
3822653441
8504736490
5073558170
7687814074
128827860
2422251106
5547130034
5679246048
8695655587
4531591751
7085347022
5554112941
841488140
6695736966
6813312183
7703463057
7446062488
1962759053
7476510505
5800015335
7330917934
3170502892
9453546699
6214262322
9828460410
5113339819
2203236340
3795642238
7470686232
2191877999
4857009525
6356489379
1445060674
2991767606
3149100404
759814089
8432340066
7920986350
9287627459
8425363530
4798216611
