155256722778
711212765864
88896980853
956529422200
379204788281
596126415863
845131518936
499344600010
827481407523
294995497809
92922243782
431998725597
776471808146
835410291918
94557269957
209200595613
559426283842
389585263294
836983631645
9986274344
189205089404
788079460484
442852662836
958053999115
1244425161
855399276180
539157690591
737668348640
468994644641
976020266416
674856536802
286884996147
210468764165
138094649275
725593721971
67856563484
365112718146
277825703653
903820286223
638332303166
758999741094
394406265347
735562541512
712162989414
389580020017
517260494755
809564227167
311597388217
168553704710
952387609466
488711178515
418292334630
321272594690
804366392257
825231295649
261409804953
882527003886
943013081324
30769125431
367676076143
646869875399
335305563706
105828162374
395822493863
161675143212
213075349348
65995335201
682700079435
978421923521
318265646054
935371373235
905210215272
820176829843
90847323167
218999298507
350982081688
138561827196
851377922867
691544076200
164832354132
358503372530
493471546587
853860979835
533385111022
100390838897
111467304640
31005152435
517469779477
9022955472
658034436397
214124810481
365292050076
487895638145
109047716575
771248443515
286116610157
982594964498
298974118379
692527222993
94458549694
