41187214167
24498971543
454169483056
872397926935
603421826435
408456155819
524073041033
798250341991
267139331614
49751285461
317689624857
170115770648
272224703557
553290936883
836925945865
646786632548
696194955023
931317536683
257314693419
944179370669
71378966724
401090172572
749619993978
926221694753
450892983994
375546361487
408269907173
642174810406
823104285353
130016945912
385131783937
461311294782
644380589412
75084703139
352181102634
304278177179
710846076633
811814008330
535145520190
726395121211
823050469032
383906510197
325388045443
700972246402
307385564087
546847796911
290127170300
945937279124
672747376581
501875075398
168483717629
801863995416
299492514492
56030140252
299045775360
386787011808
120566833803
96833981703
158721330623
25164509025
256644580839
473913922114
333447809982
682092364028
831520285201
354246092455
798337460566
322917845550
162985806686
21495430476
57485181726
80335854584
979787520780
178040868824
661972372174
786350232408
680305547257
355453992945
761587949852
942892629864
697477209884
778849997636
599864624328
68899733336
854189992348
946703747343
444175652365
142493306255
908337812831
97397695347
63721760303
979485232594
906511584747
327246743459
538900926275
215308501057
725966743842
1548638710
656084492513
374268394053
