8753444258
3266689239
191679617
2589648193
5831889781
2209110454
5865735800
2966875437
1872181258
9101082600
9669973269
696055644
7932323100
6409766977
6781327378
6636476430
5007690159
1260207054
794390020
637364883
5780176888
8679032683
4884233893
4066522931
6105847508
322995314
6385387233
7295232826
4277654190
8214292445
8620602056
9610060848
4827128949
4532146661
5457561401
9135065351
5715547273
7034500655
4756606955
105277952
8452709948
4841282483
3529750428
1444996453
6518240481
5923928900
3432689028
7543818151
3632636847
2203518442
4239881820
6192168883
2797698606
5045952098
1086233586
4502836373
5499607843
9928311895
2915756866
2152189410
9992027002
8201563963
8720126345
8533013364
2203946326
52361689
622704933
4416242682
3572790415
6741573575
3514577760
1197120275
7142885195
4988866271
565405036
2822417890
6451516739
4954836114
2197786959
4576960090
1991021586
3027745084
1814993865
2590249171
9996526369
2206471507
7490630600
3894874137
7850812054
2706475738
5107935158
1450802062
380556913
5216905990
5772710076
3305030253
4715632191
5304441610
4485015041
5458805596
