165326450046
774049319786
261062416523
969168572574
420305658630
738646812806
733767220697
810694995277
896466118051
778697690372
910891297181
461263110448
410709623744
165938235861
387461183228
350153730525
895822583208
940945660406
624006159761
31238798126
474853150254
200423390632
227723568330
893069957261
161801093592
723875949144
404832685645
115571349114
834364096770
319746749490
382153626542
968387059941
694270817566
963901361489
23041003206
546445577637
797412527865
168875943905
604312802293
981072683693
789173064124
570657423604
350025482042
713979689072
797619682345
163773187837
981277301208
209636876790
743559751668
864157862605
681530494210
453512479458
395107862755
497640148752
247328365542
149931742631
629983178736
734660525590
614252362164
172883973624
236669444773
37803653553
288017342274
359994502398
611803445218
80017365551
198973590933
245215040641
39132376206
392374147049
83963220821
149860944701
429677432785
871373315000
290546382381
900091366127
753983926504
440162526195
566876043529
226139993823
907363341429
308928201248
23247719357
210420222451
385191385405
923164699038
124880269448
498324992029
545102497542
212978426337
40305350245
914730865246
343204909821
227475102825
476411148540
98752144996
816517802872
981817935504
846568241719
489191746100
