176197780198
868101636275
825172995480
989895961229
931430233726
61000730882
375526937523
604646132637
969029730927
106744903124
822224053151
389953339149
257298217367
776721941549
689596227396
912079264582
440871929792
961556720771
848225092989
281517760960
742566912973
473346513993
444673895923
972578803160
503741527069
171743669517
509563623263
736755697957
276968162726
524910282328
78914786118
22380954022
899816528400
930708551056
318170695989
616025738190
865806410912
961888629195
734448278361
210820445148
844088488985
77338006274
763673204070
176170577989
312099144492
641738459074
741414380749
470927146363
311801302114
559781972743
855351298069
555659187868
540008902360
767487190991
20218693633
430722277885
911373470523
505747816797
230642241410
935490902569
185809702695
138295333803
736610715096
572345173974
736136859393
155686345826
849515359435
223844071042
232312899922
922671723976
466280032526
383363009101
966991822551
5626765588
652539431751
857223604069
807461486450
881759045788
879893449202
654185065650
82172297020
681572419099
488618956961
975798667396
951983141369
938336283957
572177583526
814033425652
972349553033
986983305032
567098906199
238163097135
319711779970
773854089240
577125301584
386155301597
600427416050
679485079375
297554354239
84014338580
