333361890063
487269609903
599177190204
696014398525
498098706428
97496217309
668246985643
688723448841
658939013214
38899777896
786635979281
861649290662
876698667539
130306730040
549565081134
519567638493
175548689749
968448141510
790844905637
58665150620
955062313640
49831138545
188702542282
642992775997
233938524611
313727266278
555455904195
39531421198
307201835782
279690306
55630244908
696538969002
473528529351
820639335613
535369214693
94399845896
878118108317
302242069581
785631379761
138125892388
435886590882
857508976556
331813222476
767897442452
661257749819
653066193224
579743589726
129924902155
522420840324
261727803722
424585940183
728097179374
145693247782
418160280821
87026071381
15787234330
394513148777
911926286305
815155549023
135464693529
591729026571
947875478974
28692367514
481710761067
506989310981
45989352812
816880693618
515297253742
162588963743
893887196844
420348779996
42919010201
401739401470
178010004521
898546409295
407779989227
591634349129
990926349740
177404050650
578725085218
152597817673
27507902038
897373332048
56952985331
979042537638
233447679423
295374475836
557220777022
321299575203
94305341854
285590735297
195457595677
650423741580
293622024409
278538769353
623219518033
160793668509
390163019770
660630417759
655435032392
