598777267740
662345909789
451712018446
213145125058
534174881573
768173545565
619265222686
987365388213
357130879946
466224228329
887266013210
521161734235
496892847752
635411725075
49151048223
317961361495
755745295839
369814138308
449967495260
159267094791
858531496106
871437123096
979881684707
982168167797
679688015495
745209694220
93963151649
280033041091
338288297631
950603431693
361696012115
237346719875
831383419995
442535744374
927620948075
797221684044
984534771785
912855658979
891218926287
566861011738
669200064529
670766738675
901001473233
404725904046
533749693840
994088626821
5451350592
644303346555
569599440948
714368287911
104543050346
137778482851
421032190954
672714399579
299952852952
968414509322
780406421210
36135611374
38748875290
384538046913
201541806193
983207213750
843997691645
467469857718
603324226626
47312717639
550979536869
924872885263
865071596518
377571439973
720531058721
29625151833
918141813662
637270726678
72172555423
129338524425
659097506745
5683863458
848185460105
533689516359
291393460916
818294079461
223451023073
499630458455
26309495294
442073152612
698450321228
985674123466
325219672406
878991157786
184015897372
480105857713
474252085350
947553960871
772327158141
440808943764
216473591943
785089882934
802409526556
928704198911
