22247307372
774271830625
992638461793
887984136372
203854308836
770417560040
416581575180
6831058929
51118660151
888290279279
345740722061
330588333528
215065618586
664693936014
266153319925
200887346144
989335598102
166086149578
509939648753
954700320322
381518412483
966346920236
332795399728
894142029491
197542563386
959811192909
266840560490
359355388776
288156092902
13103953341
36256578236
626608704512
155153460323
531212163520
723924939765
685211117990
789141503469
57558487334
904428300469
29163174823
900738556943
467353613293
655837137651
130084903532
853303041465
489193163048
134523534397
780475987186
274720721203
251881313647
302807869117
917476211270
680785359167
515034583761
639668364240
285689150465
153806854988
995532082237
53840400739
864837758047
107529378754
453765753379
537771269250
216394902251
760235360941
145831519799
668259478686
827269489795
781930174623
301133686239
440812062340
513499546861
418844602700
706085944953
881072705198
900828083618
914691023043
316153770908
724212462037
619274809183
429359620773
475357223814
796048858931
966431503241
89453597692
258907397319
526252810172
417697803771
885240867119
458907771128
933188134071
495336287388
376549325736
318789375211
359183486492
413733333672
555595741734
255238249084
561740523575
350201361157
