438117043088
136498946189
266155296337
743841924975
765912258468
561332070682
939917151486
88250614858
474344045627
611993621572
245118996689
817752906663
566460505402
924075158583
294710435848
707874372674
272485876718
464500176678
89595110419
909010955274
668768411266
455246724477
898137549137
45164773701
423204338006
48239695828
138813818809
574246979972
123159590242
560794348707
801985948513
329333617557
201375592840
140328624209
752665027198
223401656564
31600055080
171646012119
885173020932
751462464304
623506313634
583891581947
913891639964
658852208064
646280039742
931469896427
911132677211
314997962849
597547610870
559633697307
204539603585
801428577402
50719764997
130536406943
712963159134
506393516140
669592236544
762768098695
127993500775
403438101705
498561930701
441007330964
458254279058
706430488154
223527269311
890688206273
326067297687
113391509264
390081792553
495718862991
982877538869
390574711785
739949836153
821210772511
444725754430
906170758155
174709619934
304700947902
849636744749
539477825537
749144074293
483298986771
78422897525
319288479877
616272395853
326729476211
535172067845
560426110551
170250916492
33311961899
104544578977
643980326078
922751050029
701731710371
172985413513
679239703855
444660647824
73139385932
737009447101
973656536441
