2368369535
9418082869
9460607357
1556271092
1364879943
1079431550
6553206372
6192362334
9600239482
5165626221
2638585632
9166398054
7809228833
6990975724
9283547736
163151427
963540146
8964158089
9865043224
5706240938
1221554919
4764875840
2089803998
399994018
6242830689
8959325817
3278442220
85835969
6710339315
5688992448
9161003930
2506547996
5042558867
1117371297
6184968192
1457068080
5144364784
5883215748
3351142106
8563947416
9798788503
9682290602
1772380613
3906730003
5301647673
12801608
2056753138
4829856684
4816330915
4104543925
1070004060
3800153977
166019969
3012963855
870211983
7947704760
8972768715
3765650075
1733915565
1253307760
6203466904
769441539
1646603834
2293452244
6684914286
3299427688
611520943
472807629
9187108120
170195152
3514878459
7754865142
905176368
4450808232
8444432010
3936054126
3874192224
5543377289
710784248
1515778259
2679928193
9463539224
8548359098
24970778
7020263764
9756910599
6757394832
9531124410
4894538767
1106999795
2515980943
2551953149
6858327349
6315614154
7813450689
9379257165
4040314144
1146027135
7188595200
5648738727
