837147532049
386188374190
58039338970
153834113622
29979962418
177280204139
718223650553
91658757816
92255959594
348181555550
910158821386
59787451950
101691213568
699197700854
366882731378
778389438568
562153164100
997205685826
838957448235
658516620195
677347548155
324374510775
216161965720
796230583302
253855541404
113989068416
126051409960
280700441112
978060800784
101910800486
207024502404
633883100787
683394442877
541758432158
482376603242
441913009318
856811831776
995480054439
869103248983
547930914461
27906079538
905423596815
636090306218
185314886209
141651227448
471218514776
744278454599
413531252728
834816819156
989652990821
424865864864
72747574361
889840750540
601944014742
337904742269
454998502300
873147497248
218322707604
373979627074
816989683012
765223456200
500279711938
625641267492
375786390857
658972739031
701152687513
383552244723
936188889097
199623748537
630988457153
307716898484
257426080475
962631458009
659326114896
523655862244
223152276102
1829949404
770841864371
675362772046
579403221384
793892130340
651325602394
572906151567
709231532362
342709734554
876194605895
654239263047
193756664598
197071558667
711752269353
271628863177
700875713245
847443235231
40834474795
733093900411
971049724632
707300875908
228842359613
921222288768
716136849230
