2660749941
425371269
5438749112
9629220117
9235741800
5559973826
3692810207
2744864827
2195859431
1442997945
4100128423
2065713326
2629410336
1736434240
2333213662
8311013420
7656215443
2680270396
6055192183
2352179631
2441146214
5715366805
6771026687
5110884048
897812508
9058057690
6816640716
1134311004
3872706211
6279780209
6291215586
8448166363
2581405655
7942578771
1334897632
7969718892
8040069159
5849551591
4205660082
9404652319
160291598
3944214453
6234359804
4848943491
8248965365
9633211538
9578265048
3265971401
6839803249
6806477232
9395619580
2972605999
1798451553
7407671482
6115355560
245900331
1942602775
2930708158
984400420
7798987406
8284631174
730260307
6124276787
5990829869
7503939772
342657378
5165325
5048138406
4961326545
5022263788
3334877280
1918309575
83650790
1504194304
9062767624
2420036007
5868866216
6536489982
2095237027
1766808088
3879155299
4571637471
3311160206
2304890475
4250841950
7926056541
3063221681
3852204488
3758823295
7921235143
3685352535
9343280802
6447559159
1128264105
2420830415
3747953409
1008334686
5031423345
530106244
2878535426
