951503973386
817457637619
996836832790
383883908604
640137367341
502945437773
699770807160
523608315364
906476448768
551645444655
875096768725
487723535272
376785829963
476463204077
198305541764
425650333000
654738167148
220301732618
316341583531
208835751881
301324034289
635128990385
198272092274
237031070739
299437095123
523609668741
877556882533
188386252608
634762791020
122271451991
608996043689
608580141850
540018073287
422034983551
110027024434
222814290969
688353573995
576963956070
307325709013
90466522278
370504187062
360539831919
397287260953
417958295422
605488844491
478582598180
946698314704
667808172764
342780389153
989661415434
362226963306
550580724650
798493376450
854832249076
863726364901
416850593945
1637376297
656623105440
975619534846
328228485283
254147730842
94387992394
325825410206
831086445065
598015964371
75711186943
199313551359
923109054764
253996184492
264697950915
110854309959
593647590051
472912172921
76791848103
371116623182
656962145972
864415584984
430712204331
184923628087
96659711331
223821759461
912866948937
300964737110
97386046648
147957325663
592977269766
994289862110
689041504045
743939167309
934714795603
401385593068
141170714975
460120584414
931333276976
73204360098
196581168624
900263063171
953577459611
453528337888
378137651908
