756411260248
561969018012
651466959587
265625741573
400562807961
233179044756
376449138198
978757193123
331163390158
403566317002
934417438351
694485884710
217746534221
65249619364
149522300107
583136607590
498117144295
509203442964
858420504387
318124719242
58871591382
658359926119
936037536758
364205464960
68167607700
485258193890
498504991110
351149236451
272372085576
949929716724
950597522327
758416809234
208078322843
963202248623
209000018456
992088871427
50442955600
90241227260
748688021901
533916026881
770403869195
256163832093
886521112531
667856106661
172368574343
540533633547
501402777405
892109455948
33389205234
712541989194
433962394583
433005004811
174144392408
89871808674
12231267470
26167259850
966112898198
957031786431
964113516616
645370087215
990738324902
771059642611
599642843320
919619767912
721408189050
315703100348
829863836010
80518360057
424108656845
933217836820
783311381179
92001672960
572418828542
403366453284
542624294350
763448712147
526144131270
766421423766
238832246170
213209992286
199980640485
979521517221
695914148172
343188666507
212302024264
779774212484
379619367221
36674671968
2770519377
38278346949
180920468607
315784581455
262600471094
821764320402
159578497571
203809364872
533110178790
189657017383
512583544169
939854243359
