1699401106
3637046402
150025776
8470279334
6977720956
8973336018
8817405490
9512881998
1654544176
1615044337
4849302258
7791007298
9657855340
1055170889
5802354867
6645950364
1171408172
4462938702
6866047202
5381791766
9089663594
9524747887
3244695806
9710793712
1945567374
8093226606
5729958014
9614667225
1981802008
9113791501
6444966458
7505264627
7482651234
9601799364
4300994416
4291255082
3367802657
5363153019
1797017957
4363586756
8046705546
8795665165
6994688187
6807141262
5195374193
7137565513
5844599986
649662739
3378271001
9027419031
8983521303
1687373788
6860939665
2362887068
84243638
7019352106
7391379997
9545827473
1654401210
6359958094
4633462725
1443943386
8907895156
4522805876
4740417319
6204519312
3353370011
4226149199
2913565125
476077801
1284003156
2407324572
4673430605
8598843100
3137467279
1817054440
6130130208
7882574172
6402566176
6119375544
3433161541
5411875651
4241268694
4676361928
7775746600
6062901351
7911513734
4315792354
9646688051
4042309171
9595804484
8700789592
3753555557
2626803788
3239519683
2253162233
3890305098
1334638200
6940210631
4868390082
