7682783557
1837650262
6852893563
1904469257
6598183583
9513693751
7370770989
1578286179
9534766054
1267734363
9889789622
1537371129
2703430613
860679870
4863632511
3203303087
5963313509
1610379071
2141462550
1223683371
6405735820
7680808031
546302681
9058627180
9433998262
1735493918
2810631286
4802597090
9655658542
4622711701
5869384772
2396327341
1884892005
9821802820
9847663341
7030963984
9089901755
7663683244
1037973413
8091853621
5604932573
7158599552
2573181486
5285968044
3215085464
6358178018
9825866010
1745660648
7952777439
5020875513
5618952670
1962391522
2080444821
4748949950
9531041297
4941028432
2789535458
8087651241
6159119281
1180205120
9846845366
6115510181
3086025846
7396747845
6967732706
9778933486
4257185998
9691075941
4010205976
5875436683
9661731719
5089039059
5867171753
9513219715
5706105552
3649043635
1578123825
2933139634
4420662326
355547338
4842309531
3432331157
257349856
9130676740
3559990300
6807860820
9282716339
4314374676
1310563414
13525815
3598124252
7634977161
2274741427
8423136243
5951874100
5599391426
5897850304
1834398156
4539772323
1267065197
