828298267630
733714783149
858109271643
172633719718
504689207717
871287606558
9015666667
339271717424
345908145375
645236838990
642480063963
268907566116
37284528686
509736395828
972603857299
813488391467
700244677102
625210026159
235428827549
594065562135
284504250525
230602186558
959559367593
912560232251
328111160701
88807767351
722428352197
871595362674
325972609337
564548757903
60845087577
981655211364
504775856488
847693007421
737985059487
777804082921
794239447613
828788521149
281055831332
284637650334
111622054621
378593058573
321339504361
795353976025
128260930665
615486097073
577629122149
610359616356
496679849873
800914837535
450831743628
728130204862
888759743530
897779582670
290624680402
667692475125
343851778332
344771604502
762148725146
186560794825
467306360026
1435527186
121923560712
290876028031
213810591040
843667175884
267219429938
272816941106
601329561941
829188281367
474165769512
439554118651
822019959543
731603655250
31184434858
110868389646
565629495310
613188887906
63929241695
183694746424
463038777000
815547731940
803323093601
213827744205
904994603876
432526042764
751157332591
926821268714
320439532410
825499734944
935253337371
121274178440
524142819025
611187693620
56090599231
920064774881
131575127013
990177852273
414315046068
983869592528
