2426692233
6295890609
3692832729
3286645276
3020995356
5802805166
6381841842
9986386743
2653357810
4772265589
3083843977
5152458783
4412604242
6436923597
5426012128
7867385608
2184490811
8625517432
9491985281
6266186389
1846732310
5939629977
2055864882
2101131501
535650667
4222650889
743649010
3458326296
6333949123
5029861188
5315588702
2599326269
2401953169
6208813219
7385642341
8506576533
1519818893
10110886
514124832
9701859039
2417566914
5008209816
3513062951
3405791460
9052838193
670906583
3255671919
8808616091
2240188095
6890571677
6388849740
7648119458
758848857
1555105624
4323680445
9879955460
6186339544
5061025560
3091306799
2461456345
870354975
5219372753
6606022694
7576491870
9565122854
3560670289
1950579205
3331267129
3041708637
1890016380
3829395832
1580432488
2442182707
6085802380
5936164300
6723997600
2365352245
1539752419
7686936960
4895976908
113107127
9106973713
7297317025
170700609
9476724365
7199468372
9294061757
1896650581
9547448074
1752859706
4931342564
1415937014
5338767569
6178684022
7249990287
5122714622
9538675585
3748453255
7299215271
9421275959
