8825906543
1069252380
3975018598
7449713852
9599847317
7595024914
6125466743
1341819438
1496093685
5343144571
9299265994
4004753580
5941166500
5328242872
6748765539
2458765976
6995673277
12688916
719037868
3360461799
7960361326
5224341469
5406650211
1845931890
1190344994
4030857674
6538199971
5418394095
4834701616
1716156445
7752652519
7303493246
2640818410
2969004065
1749487841
1101948697
8291718842
1226517383
3374039498
2835119835
1872996664
492107325
9941728972
6761844971
7837004707
8080006655
1634182926
2812524974
3558569545
3119273667
6827717408
5612563345
9675773520
481383681
7045676251
650599297
8860229274
556890353
5285161397
6038015381
3167418246
9686164916
2132728122
7422978874
1639589323
5827637604
8704537893
8415877644
5540671773
6653512331
1759268742
9234377751
2384259084
4161700463
221350471
8670267561
1532227777
8769573944
2872208235
4479938012
5794752207
6294189033
7580526227
631184399
9944344678
5132411416
281685413
4110120556
2468455924
3258863704
6935371676
4512726303
7934239993
7560324071
2556760252
907067750
9490090160
6512726653
2522405978
1114767932
