274151122092
518170609791
599836986674
810774771741
365337069854
74083469174
447724272211
681619686980
866346279338
239769262629
381324862476
623912599941
491839253069
840958247715
825496681760
261568771248
486442528717
949156843819
194959511300
156725651214
846095409884
981702364072
718051244276
832368862011
273466522434
509455123668
945909251840
418367934439
846025483313
905149378806
822921458444
504745137536
364085673692
718876134363
108699389932
922597991083
316174957349
99232082776
594054886131
471427532176
170602204888
676766872830
996515135198
104054149034
84528252874
737411761022
166616551459
321520948569
840149869567
238802521112
853529605087
827675114526
479880558772
127695379025
762350776002
308487508111
805600231550
3536898381
840878714884
457552409886
253709424667
37091803296
664305469172
283347854514
203241084500
136100641187
910315478475
450142676088
138635994018
399019902408
96246060789
857243297999
650510800234
630012037980
512056961445
440144260422
843911813774
686229013129
896412467230
941859140680
447916022576
448618747528
146818177159
738409404130
505478212885
426408752037
868499249891
366751568840
966055649987
512810695138
94118672543
391004444222
945081022557
907616657569
298452480474
164415824119
70918412574
534643885675
650829245410
659498539323
