9305830408
722824884
9190491437
4493028052
253790588
9470519625
6044637279
5822737253
6764498096
8150678258
7820752452
3760296705
6435269108
8911621723
5741878842
7880857724
8498332649
3952114124
9958004481
4434468126
2344429101
628565595
6016697903
8749429802
5843050409
3078921752
8683772325
8310416705
792544500
5977821583
7636513720
9212984449
2904901988
9000996019
7670741560
4493824426
9119418742
206216230
4675921595
6272935628
2709202429
1100085760
281090988
1679531692
7512257452
6168701063
8964447760
7209518723
11886229
9955685899
4774312562
2456438773
659054462
5211411664
7754386816
904825229
990463491
7001836665
3561812558
4347832192
7328288502
1397489218
5732057561
9483527981
3677222000
2150448862
464479859
7803566947
2992275183
5094812656
4481746633
9092819866
6910742391
1291293442
6554973784
9661486888
7391461500
3094600729
6699485134
7218869627
2817542941
6489008314
2511982703
9532297919
3421132103
1394458111
5501672579
3126569352
68302020
1178167839
9738060730
5394906886
3463648301
303144534
9664044859
2188698470
9414110295
7637710658
2308752676
8954877715
