7794870033
1601973370
4615801216
2202887168
9836283391
3599088710
8998061692
676856495
2692429012
5830692562
2307444802
7044396957
551069069
6054455219
7544985855
3023003404
4693792242
2944413406
6452432339
300337543
32836686
6270377807
3944915728
2644402646
7221024444
4043167088
8218440926
1920028713
5720726769
7876333259
909613851
6738797185
4544492675
4970398867
7203758618
3303888145
1346742592
6526451926
7762336652
4471449618
4712049340
4665814081
5521280863
1732880479
6694335100
9142243895
7258913579
7107162819
4298829144
8670743540
1666090163
4485829691
21631768
7708786946
4042188181
4380993643
7558251866
1335719243
9734433636
9081009473
6602527687
2960491227
6356485963
4582240988
5598186474
8630802278
6614860158
6195746476
5872431217
856184653
583437381
1009683167
9006200447
5407442951
7043747458
2233450120
3503084750
7299494547
379584818
6823337601
5639778256
9542823764
1258531262
1650107768
7478856623
4573780496
5492503417
8099916831
4157284981
9493294655
5204905201
8127969290
6267038266
1355843486
9738949843
5435214991
7717834412
2774666214
5711502847
9522830532
