7172619117
4172750255
6303702580
8110995010
2770323647
5951169073
1418386737
4557680555
5441299442
3575331016
2921221953
7944856228
3291499042
8671867379
4959384228
5327140667
611906096
822024106
2587770506
6267516173
5225023929
1893744239
803615742
6156529239
5623022907
7869492722
4421643880
5851476490
8332154965
898642539
557634020
3022236206
6710892165
2809408416
7131882512
3793389375
4661006201
5047964067
4729940731
6073619939
9450728963
6951291482
4183948052
6006267781
2630786516
1543804894
7830823023
3853601700
879417306
1344921861
5513769571
3992107145
7069437489
4229723171
9298730092
5249599908
4956038968
7549980139
3135866862
7315314831
7053309027
7329151356
5294205115
4519635623
5581760376
6567724766
8296628886
6658769353
4030838735
9388893467
9489217277
658549999
9977983681
8516446107
9031418547
2363043903
1794767365
7647786840
4602296668
5214808958
4411553790
2107608033
1046695124
6586442196
5460847447
3545043004
6872095867
1940294877
3096340504
7227045010
1661415100
4010840239
2423911950
5655431869
3997751776
3343167529
3636699056
7141066279
1617964505
7809888405
