3722188645
9724502102
2554276805
7800418506
6699974443
5909116456
7702177143
460177522
5259926829
574296821
8374691475
2262297540
4113531388
9355243097
5285365090
4873758916
3568382343
5982751748
7074576770
57855744
2773500736
6630102340
3803553077
3664381145
3248694706
100580379
7938623493
2987789762
1282455549
9712757003
6698209512
7537271547
9638359649
2030591576
3405052803
5375177008
7449446610
1985983942
1107850113
8845798178
2877567761
6661839633
8048086527
326954388
8372599502
8395741889
3678741395
5266047726
19319021
9689475699
1249264992
3624897433
771138117
5060667840
90676358
5223595426
4711093091
2657730185
8561093313
8622973584
8191147410
7339959231
8716743566
1481087203
3487287317
3490164034
2543760583
6968228473
190456208
2677410637
2262652107
3669715383
3482819128
2509073612
6941152015
5102977773
7318747092
4053743830
8320693959
3131941684
3717279165
9092195744
8704251091
8345099168
247985824
3690260737
9879032029
7127316464
8608359929
1523267698
8413811985
5336147028
9349743686
1187020055
6258604583
1785346297
1613267271
8137493611
7440992556
5543049328
