3014220906
4053782545
5297739658
1879715213
9993860469
1584040881
4175945045
8059875741
542550025
7456492757
4101760847
9196205846
6754681345
4332917781
7292890918
1061912919
3443081659
4481253244
1139766502
1436549574
7639139106
1752729290
3362856881
6359418740
82897021
6110814629
5942721932
7277625055
7170620822
3981368313
4097000707
7718966787
6235473198
1372417938
8985548092
923799786
2533166392
5730845218
9130501780
4615424846
6787655529
1617309944
3451713401
9749455951
8775997279
4853070038
5263288796
9865353378
5806505386
3683119143
7859860505
9921098438
7257632253
9076047791
376697590
9498148137
8943290842
124666089
765974136
9331690048
5271398706
7402013516
3154958871
3043051911
181642932
2378815141
5033524853
3924074126
9592429990
7521574192
2171560265
1676532743
6261377467
5629539690
8759532858
7789374442
5615498225
9481619139
1478103037
6563910872
7653472694
8337338978
9302965184
647362498
9734953535
3454673539
6342176319
6154438941
1091066079
7729218816
6118350862
7438360531
1365361859
4918160218
4530543972
1698089564
6322355154
6422994321
9490009970
3770808960
