469084218081
26712615895
603253777094
354062333553
782667219855
427202847122
690087166630
955487181796
247268109612
219025835534
540311699694
906656054623
208883497727
192503085066
57170330332
652969666503
788842533596
449350716678
103490872279
998185095676
294193970862
443047784304
637810568631
886867325426
421810958314
690008630033
126659254659
658464691042
273880777961
120630984251
428012548705
907594151477
757443893802
120419474962
961347102994
59998665743
661491540742
196999961860
114475052369
601478731138
869861381339
779303672163
168441942056
154637553975
909279523909
731104773570
635200752071
731827826743
406674518762
938677876839
880510267982
296366874074
301900949909
815285723600
958950270226
336923789790
188748776220
16482503684
697001650181
851981025844
297749182219
132605914963
973346144502
473472993930
799211788450
195207339266
806716777096
661289562668
916729908892
266491141255
685216238613
437241215409
920534048970
819753855910
495502463663
392093149778
893107833937
188965746433
142156758236
510506176803
526205141504
77732232471
851918817445
85990072405
731216866534
361948999151
221912820180
481388995139
311230351520
861029139279
540202691779
105247580076
292987896635
959257741311
532871935144
197324845888
450927364998
228991638833
944859425731
253958008340
