1724617150
4617843882
6381413355
3996375040
4694067373
3651864422
2883628717
1490646964
1198726217
9264221037
9662860202
4918155236
8332377381
8366888523
9281163098
1658536201
4030286765
8910854215
2995655375
3729082498
595716588
4773906822
4398205825
1788425404
333095700
2384218034
331121927
3312849426
5208450930
9947186230
6027861516
1248769053
6446028072
4922583065
6164616801
2731328628
60063946
9607006387
4434504959
5920017746
3867157696
4650202210
3006252642
6702247275
367316711
130302673
4808432726
4047763193
8633584512
524833919
5499684793
8494098621
3186155207
122864045
1873421055
8716372749
8886179876
3943948296
2619085022
1438101463
8745700243
8251432149
6427073125
956125343
4456905245
449994603
3460308399
9605717148
5867490430
9412073379
9213992630
1260428880
5141389092
6477177354
5394661623
8267790288
2375505904
1334294591
9174108153
7761965355
3559679526
3554284617
6102224398
5018300210
1425276718
1105836796
8629105764
9879424423
4741311259
2936522058
81448604
3178550270
3913993497
1666010881
550016636
8953638191
8853264351
2419828164
6392250141
1281567530
