49202409
2633055510
1556627972
996206114
4555236343
1466769371
9718465250
9692201840
4058424722
133034067
8668311155
3522830307
6725337525
3576929950
7799625739
7117740099
8153344971
7934529443
9534119788
5762983005
335223057
5479800482
2330020919
5737029790
3155544373
3921511984
2640767670
6113713508
2302807302
2322336000
639165819
6171301670
4850783440
1323188024
6581588574
1607623270
9640059887
222359495
3544966219
1770972343
8501628631
5351524110
3822047883
5450816318
6544972170
7384398659
1063937003
9437378946
3945165695
7760234923
895205128
9527614056
7456966276
8870624989
9622933779
6368197465
6784156822
4250016579
6638249076
5178782400
8787446148
2609977398
7729332532
2895383516
4569319988
8642864473
6680793050
297635725
3256123727
2295722826
8339516979
585079757
4545638847
6743975503
5910365120
9555919674
8234544379
2583041397
6729521236
8849375336
761891372
5232435056
1804680367
5824298952
8893578458
5475309059
6540340115
4640295740
2231787056
6694583070
7311220146
5534151962
4250319359
6347320897
2358244790
8248021634
7124499444
3042804070
9381248324
1878557807
