606719299297
817293139039
935685036821
267812470884
410639118777
987193289960
62067079623
512648418071
836386761271
905425601816
165129410994
637769460308
17490560829
90434826529
739572985392
947273135508
384989125638
85716720441
330172397340
368328350597
22531742258
394692423343
427720143148
812475497189
986848042157
127362202015
359996512590
929141942490
714581974688
674531117243
10057093212
917308761590
768041450870
886158957100
985274288768
797439241156
686057532220
529318468692
581482880494
225931767752
123804085431
299573644829
4669574314
193382605613
900256017092
703621946318
810193075097
573649180723
20225044231
57978576253
197049043643
274939433776
30928541366
38674602768
473336532053
147119889541
175441666547
990934997548
967499769000
950609217433
263742122894
716034835933
421408987816
391850239997
322622264170
379379454170
729458340185
713687313864
271316569754
873109816641
471487047701
34329677433
881378590465
853584939010
409205698029
962675789869
377551555934
926352114088
327317976995
55981161286
701146853996
736609469292
207616232197
130658616825
366994327588
237957929682
317897229208
41861499815
117006554979
3948306352
813251487907
719829577646
248050852856
772830425406
233880691047
66551069478
594278833185
364329992252
490526622859
81987745387
