7298062747
6421281833
8925231839
8569964236
8382603391
1710431334
3828572356
7277551551
5508130747
9398495426
4842494182
8117573368
3648128844
3485613262
3884842307
3227142375
2682182142
8130589630
243709643
7630120328
5597872747
964444911
4404524882
3859622661
919708812
4010496656
9494968637
1532935866
6474452304
3513447463
9243096352
9324452546
6751027717
1873791338
6651389424
8460690683
8084717592
1724977146
7335458977
7446446624
6630907793
4272625849
2282172651
8043687619
2930518606
2460186416
7465140361
8269779862
929219826
3740199680
7309098665
3150056227
7998876938
4507396563
9302987596
493961404
6009146599
9192726847
7405681483
4431633454
8519197994
2892957420
7320243935
3850427591
1954705069
639962827
3383109616
4527758559
1322606122
1706213140
8273796870
222576151
8997986064
3136333144
2757479150
448084101
6916987217
3438463561
7955600527
5189765216
4715218671
4783150260
2741787378
6188934081
3186353323
6419804954
639418858
4920606133
8839768760
474369177
5342152112
9446882620
6446505208
8648188031
5004482086
3775479076
8736059505
1626782120
5990002032
2701045483
