9126070937
7478737039
1420900699
25105690
5088539873
2560721787
3746469614
7313907578
3958977870
7140679702
5685874168
4005791895
4931230066
2917831085
9984002806
3230553346
4238921352
1623430865
9823063873
5099999862
5479928100
3030001214
4093303736
9996595149
6362149683
4934913511
3121554521
8079710354
3455764319
4604026291
735971011
7057855498
1032867133
7188767210
2001588883
9821330280
9924374291
3140109490
1876991299
5992066065
7364807599
202685916
9402864131
3407029668
8682814099
4483335472
8755200302
7189748499
5495397998
9755844991
8447499348
3366130333
9304122326
6124465234
950092888
9766246755
6702883833
4920803482
3053886717
9573149921
6405641004
3248991607
3050768763
5754694724
7865185700
3265294639
4551862890
2594322688
5795811191
2723694732
1022338602
6197535609
1554474273
8842055882
4664209703
8461222843
1405110098
7154717650
6407267792
1876297739
1761868051
4091234218
2889751075
1982669126
5823600501
681891750
9621318813
6950750178
1104833746
7916261460
1326737546
4291541301
444628503
1753716379
8618847190
8565472103
2148252395
7794704862
6679851726
6032616895
