138615170490
631431508754
684112602915
738218803953
683424674677
565455975357
729470252492
998699743864
769208110822
583330440766
46340666019
481000188154
250518228122
955281084903
311915459945
158615508923
285382328225
42479325708
323113001663
106538935370
510829983803
974253537538
912128608290
735160749031
924322879655
233409792719
916969821597
848950609910
645153656065
735201913383
395250988727
236175299746
259031208162
702950357421
891495349299
914703743449
763250801068
201653708742
298922320685
400149854661
459759339741
598785293222
746263519875
262930865657
507429435767
856133973958
123578236025
389295707785
36844011217
13891152051
54325026173
636273546673
677083295223
954746190070
478797053892
63594437088
485246358945
3253324268
900308232412
208701653488
24670829034
234906587785
967233657573
530199926439
412674491486
760533536421
830592236074
283350153368
342361063707
499459895710
480829896393
985779600544
49393580831
601644081834
729777426339
120906077107
351913072718
472744832706
223594837915
743606064180
311072453929
694813826304
93488958036
485590431870
299264430152
540285725968
870260774094
955581950384
272599872096
726343489972
15330803076
822187296881
954693572440
817402679685
340557987704
638923058246
471755706780
397251606816
830780546006
748245486471
