927824520693
347914151727
71901381289
186029661811
803450830560
849917530972
690602528647
38333131594
55971155031
258242180363
51638711091
772862852747
78270664298
313013696483
470045186411
882081635539
880871607249
195968899070
13972460856
427909179741
603191518282
911934681019
515819285439
208978982225
271421227641
153345886377
195130282046
531314702884
361888151493
244461371444
869935871113
832674002978
728071109205
585881440607
770102309019
857261382612
473126613092
485191779882
741148007350
865600655039
798931959816
192936910223
843336947411
115264934990
171619810043
405550780037
68206134254
176393181414
261258045398
563712580896
22268165483
445696915171
781103868644
216423681413
160299928552
729577301377
638587103299
107187634448
939967335533
676435588828
378547130891
158711289727
574858565810
650698263064
568154634314
615035038489
531717403877
383483826544
616105589422
54199691573
136993427839
871228507728
564408250836
215154121321
199042085904
627366882966
377078038851
229531729527
13413472624
124461720047
298302163839
894822744314
798355470854
997958445449
851876458512
993593863856
159683066481
39300817194
208528819861
867661458644
809945618897
805721713426
294284676481
414500986716
516051829838
925212068694
979362438915
114947620139
433633396195
583210165738
