290959119660
991577404709
700994610158
257901171505
713708107467
960994915562
509739565783
630058896967
686300858573
30959730989
275529017852
40835265656
693303246825
70862594799
962885322747
612360538266
241802807620
852671723300
583042221007
211327646640
683898618211
152535758416
432468157931
47544794371
248933565438
196197025412
552209004115
282990373235
54150296179
26862999190
3800747426
846226517105
11696302027
991594671201
498534304160
373932932548
23591182396
643771408925
181155065484
794007366756
266858956030
702913301153
220497558100
124111704619
601869633188
855714271771
295336112014
431261773157
127847294036
775412890553
443396670149
850468622610
48369207116
549513412616
529092879251
62717412057
743800588974
520721510637
637034219450
897138360511
884810649441
19041441112
262311165980
412448019361
912550200184
492065797985
36283280263
53193229571
905051532903
303430382177
818003953994
289607640233
956218370414
593577216067
581324664620
316684479886
188054810548
282008664786
667868603299
476411434120
138953268780
318290190026
797676382954
897316319207
587789177265
263395639024
207801705286
967519553290
351550115703
517941421736
573240269113
59868236126
906295207945
310690390090
127674700427
214340975632
871317478569
760793590523
734307279052
101705817088
