9520630222
2826919975
3969062748
1196164704
9645358884
2370943595
4153036566
1884377985
128402451
6637063331
9664334174
2447400152
549427024
1468379593
9538729767
8854619316
1966676255
9307281796
2739701377
4407067311
7170388121
5268601494
9364190567
1420203828
8706297029
7789470200
5904570522
5284344205
3063378496
7247477066
5967057241
4610506718
6307956908
9361929950
2562972443
9854905665
279111576
8630047067
5657299411
6820972701
5314207134
9882192194
6984816587
106127019
5932423206
1431999035
224012226
882390308
70211588
764009475
981745806
511025188
3857971022
4455020696
4827266210
9147541093
9620657022
4176379957
6863051007
7068580688
5949740913
2285747512
1238173896
1350721714
1772570515
736549690
3217854794
2591145397
687552424
9835771527
6324803290
9306648429
6786961708
469425078
60460652
7937026642
957733308
2308742799
9238007193
5392032796
1876767535
9167548842
5603016354
4717556586
978401003
3768278929
1167045899
8445502235
7358428117
2731916225
7376418879
7666914810
5960868435
3912414060
8414134645
8459282189
2005201029
7526516864
4659082785
225062945
