373405354183
124607325
292118112193
882591929728
50473917763
24789061610
645077622354
732214385991
764976970524
7935617571
615258155248
720393728248
317922060227
737832650475
895751368397
225058878364
845823835975
531779185826
812097316326
704029458244
262412556228
440201629673
763887152591
170543552644
920277195040
249789786956
786101368357
37559735385
105765700067
56668679872
950767157067
936752189196
403261854239
629350478097
99973938457
964245264395
437155624171
721043404102
96737612832
322975955756
219305050786
896936195181
927110387204
445288244765
718329404440
651652473580
958175127667
856446738721
25554907082
19560805417
774453286299
808645747902
764172617314
411121547279
327421497242
371347510422
778896575136
205978900038
39564973815
972718584440
383988810319
325395739344
395793613960
702730886725
7011306894
11175571655
208221412346
645579924584
296878037829
322122832643
40691236399
338165340908
44061407230
624712618339
146315082855
582208244891
665684443742
210640917584
564888239127
505182244694
724576930084
820431203754
284170995282
743127323726
770645871917
687244875318
311566117806
795951649121
410128742742
722209591565
571956976770
250140309822
834241008140
853403494633
398505850847
871364670634
441163671601
521648674559
377191951208
281681047138
