253424550738
317199570291
727823301492
875211210855
640649401927
715621877984
840320445871
561064374871
20426184680
927188712907
166242344703
755851755962
583591512209
399177143309
902825034813
760289634947
149497358975
492157867682
748781227222
848721131362
848125991500
153742992533
757233631700
73030000108
352097807772
27372909138
753187938334
10507059511
251608252528
333418026202
103042726426
318256117620
695979793936
584633073808
28200439924
222635516690
229758023534
368127905945
363366483891
75967817910
28008711180
846542079052
480265441777
528959825755
245874752496
217713852896
372524645202
797103678759
810828347015
84165544234
113528956575
996614074034
799832888710
471444084612
952873500282
400391149235
887886124079
746032421332
998759917502
31484510593
124081764624
682224445803
104173021757
240810275982
795369877447
782850692335
571950088104
528307192633
284466962522
567531630324
339686564912
900929246483
623435899982
857514284084
105464857949
543779125409
857555675084
517954640169
192259159172
703468938650
160205623771
601067078808
797155785971
724975834064
720969223120
980026176731
136616604810
916286749721
432199464641
674501372373
376289638981
443912649545
140341977495
633793350484
3774165600
890711874817
589057316996
225328779678
840110314414
856131310669
