2145399085
6352930579
4363923345
9298260659
8711772813
1455283196
3598035816
9755972499
540482965
473101580
3415120246
7264858027
9260409651
5829137322
7728858122
6205253244
8400916086
7527104514
3841807672
4161251334
2657553880
6465673790
2059186844
2868523199
1198180827
9318759689
6123650343
1267248080
4209495091
2232691396
8890037544
1478583930
7444836996
5843294001
9209051662
7860189282
4187808223
4377318170
9474438573
9651603232
4149654475
9083927913
7462771283
5528841346
4396296008
5909725409
9070123721
6310691998
3971760825
6537661995
6931231939
243587270
5755167799
9473261887
3432543303
5419730800
6398337033
2942192543
7828214518
9717143179
3749848578
9851613826
9212901463
5350916167
2197144490
8143769191
510315564
4505613980
8110303888
3646483709
6237628209
4831959577
582731038
9303732207
6957807516
1944188801
559672870
4726758070
3471519007
3547120246
1744799196
3463313988
5376904161
8425720634
8671213227
4786318930
8025234388
7697498227
8769717973
3123801316
3430316654
2761917840
6642434108
1716281350
5737142085
2229623474
1072469437
4182430525
9712305917
3752397583
