7844155751
5501957051
9509908931
5207846194
8228073343
9435469363
795802562
5124497099
1867644186
2599413125
7204253565
8488093653
7114338820
281195661
1683219020
8916435488
3309386177
4961377197
8526906646
6883899151
3645939877
2615665259
8078961991
3572644945
1577920586
6773709413
8377012358
8590205358
5781767440
6246620095
6265870227
1016856513
1416853962
3526465419
3427271375
4294445196
1969897896
9776276976
7070644939
9282469331
5399066586
912682832
6227028720
3331603754
2999616600
7638381733
8260906910
7820607176
1589583185
8988508129
9289602496
4824272846
8314216324
8203261911
2139363993
7936745773
4827728784
4999091079
7778831484
969531098
7463782273
39385636
3371868980
4779521826
5437532788
1334796439
6174990134
8486598933
2758906490
6538931407
1659928846
7978784254
3348334704
5337160918
2297949049
9350650926
7798620542
2718964586
9449001856
2743979588
4218260061
1662711261
5482986930
5887333950
4412218778
9971881317
4310800623
715123512
2487865617
9750281609
319086903
576190435
1893987845
40708369
6556894617
1822063323
6139509052
7429068021
7827703673
4939938616
