723217713273
582114145782
530352731346
251573658529
51101009882
24268729702
22005099174
738059256263
979692480892
55459360354
15727618627
624410368266
745599880636
104154057000
156008408321
96008548450
791174163419
786122656349
700323921306
558328602358
431500075410
520550668147
85694427300
122533974552
344223030765
919539908855
731257859368
82251606556
196068260393
519130089587
562679344184
677163646819
347599570110
640041478205
668879022169
852198494232
855465033434
14921560939
590940797140
804622627146
776413147384
198561689217
501110016423
876876887308
609998817514
697935556380
313453850811
244142623748
369518777038
195015945950
168284352499
719430052916
765546335180
667680616690
976065498087
601411367103
147340758686
706913337244
988059953911
625663896824
842886298653
391987014084
905593972132
379714928610
985009925661
135450104671
917266904935
753474698036
335163630448
475810221953
404640263656
227077727481
367904324065
796604915365
367244387091
531750787803
245953881159
192247944485
334834193792
577980983443
716959173945
252266338577
726533423839
816682432375
99269901443
753118346345
586665302543
293251935750
271440502214
458025662146
366962150913
3773598308
597795327296
138138622926
35813708517
607549067584
27513555278
346983076506
398258855589
313524593641
