128524106378
467699185266
559932171623
399622878545
319379944039
899565944050
608952753739
465177045238
248085928376
659378512575
488568060689
202393508466
657204356734
245929311627
430796050365
627256063363
798342895557
342636383155
845023163680
621896293938
995380675540
170810323880
121838027158
849959406124
909741440775
530884024236
809280146068
825568640222
904104796076
737285440432
413835883520
129083365293
345921429009
171171494598
115385270335
796270495178
438880089807
521359476382
702707966424
325894494692
731262439726
939140017499
111164878663
849515905577
242880914609
122215721138
509574164303
485065375350
983367124564
392245162943
120644566886
757799103581
291564472592
161938804902
593779060535
852587281759
976524476845
432289008653
17151803709
723874079185
421985488508
834585896949
845489991371
625244814955
358721784803
680670556315
980434717109
425412740548
962916154952
250811148299
720214566353
868915437410
438988727249
710916504549
73218753700
131163269834
159184079797
587400322514
195618578390
848952326722
250971573471
164406066877
963520593486
459880498196
893541941142
363993551557
196052615105
159127854954
29444106320
352045508341
469453753596
991042257223
589426137084
969600161960
799497443188
403976730728
153519803754
839431770424
276766315545
164411453005
