5823478966
6889206567
7373937345
2942403250
49528824
8381757732
4166829425
833272108
1707138252
1523868419
7283858615
9729124732
5425153485
9944355997
9090717235
514162847
9747999239
158464430
7353505847
6246392838
5365131251
3423905339
765012593
677064012
8096174912
9299841431
4488689648
5504614194
5256592558
7742882390
2467790086
7919666455
1195173687
5982260936
9902405251
8930613749
875633256
3294859872
6046601911
9710183196
4018425147
8847170475
1817111064
2870526474
4672047794
5760384587
9433967505
6684214024
3813642166
8739828624
5150502532
5077527262
9301916009
6951135362
3495420691
3828466800
3549794347
748261087
1655554692
7791643476
9502745880
9018266416
9817501088
7612934334
6332399747
1455917485
9352497337
1766892297
415942380
1129891138
3003771397
1284102627
4578302165
6934914625
690417032
6330407903
8614742754
3004770159
8778863434
4405671307
7706926595
364573201
8161387476
1795321336
5655337631
5717586272
4510481852
7057897518
4692640886
8936428643
9909818883
7837065102
5194458848
8887820224
1319429581
5736248233
6707592246
8684663454
989139908
9364563406
