1333946425
9098140108
7387483221
2104195283
7346163591
1675507678
5371731685
7126592673
6725472889
920958312
7387171784
1237756656
5074358397
3117145387
4231444446
9882788300
3898363775
8390928196
1946759855
2769928656
3521475731
8924016660
6639213932
8700874871
40494329
7883213363
711083283
5927957652
7715929355
1448324916
2227599574
5050546746
6561043172
9922219462
723642408
9261824086
3219187181
2706842989
600696731
3971721808
9730848375
8385046745
599271270
2503149863
5142817377
5435567178
1035590710
2862002182
4666036026
975406578
3911806212
8742560349
5456451526
3292581168
8404559859
3626343701
8695054944
5806640073
8430846961
6689069752
5121951905
8014466275
7157390795
7258561905
3029438442
5207613706
5756283910
1773919595
7720053034
5807755792
1153256668
5376103028
8699680082
7563456674
4263564328
9673267309
2634207835
8475203392
7501481943
1386333743
3029443707
9088122488
1143100061
2205040150
4053465065
8181020807
498656775
4724880601
3220038274
7718798935
8463459331
2376113836
3275719689
4847927703
2291520568
2024563806
2245226608
1849388870
7436326907
4404975141
