8156799171
9621959357
1491626002
8509376865
9027366514
2835940917
5040275726
8161073645
4656345602
2645132977
9316907510
4639539780
6361910507
6545067747
644104726
8680521653
9603467781
5868688486
1536643373
2393636516
5209362211
1748025373
2374822423
2199906692
249750081
9661424352
5323282508
9104446984
4417252524
90183857
2971004585
1122488099
4386168383
1046882212
589553656
59632595
249945510
8784215139
778176166
2824326697
5832290462
712650514
7380070447
719930964
7935370152
8263858910
4566767489
7085114040
3699191716
5937211838
4812699491
5558273048
4577184965
3873382564
111327318
9036374587
1778933582
9891235410
2585556071
6329356201
8462197636
2102280210
6321041268
7063850895
6447192675
1324171362
5287000960
9548397179
999346402
9292095792
5807834596
2878112113
9310943048
5385255496
1452021134
9410942084
8960738570
2156035131
5107240742
5901801130
6641872412
5412693570
5617285016
4148034346
9509229741
5796306307
6324362397
9736556783
25157151
3369549425
5711074843
4098147407
5559609164
7391486672
7680771795
1923222335
8619998160
5355984247
5114270300
5577777074
