202983888
6085702363
9900625815
2696039892
1322973729
5790024317
2278930624
1535474569
3844517808
8375774974
4414816666
5741172521
3137456213
7710670608
2388406405
668572169
4797011814
1002547717
2309023700
1709958198
5057782050
5172589076
3995437094
4896713621
4313641662
582162075
6424101926
5006952103
4947480908
846073341
2616551865
7795207783
5178446646
4045514358
5876942815
3185029981
3382697917
1151337239
9946163933
6974482484
6431393337
4779554835
2776064116
8529546528
6399764931
8029062930
6721207876
3725708652
5490656243
7302115433
5094345758
5776557604
6928012397
5765186273
5480725171
4148261790
8817122867
8709780176
8130823173
7695464902
1553524695
6680785136
8577297944
5384159502
8734408414
2338202892
5551626099
6677715519
2692334603
3417469101
6943969154
247176719
4872127404
7847458824
1807218812
7294499548
7383835934
9603856593
1621664092
5805078593
781278908
4895356627
8167203844
6206445328
1643683487
4855014254
6247529570
2936373967
9096213617
7821957665
9787721798
1291743807
7795849622
9336011659
4742837722
1715601181
5238357483
1638521387
4964003521
1253196985
